965.50	305.63	16.96
0.00	305.63	16.96	5.67	7.63
50.00	305.61	16.81	6.57	8.00
100.00	305.59	16.53	7.12	8.78
150.00	305.59	16.41	7.38	9.14
200.00	305.59	16.32	7.57	9.40
250.00	305.58	16.25	7.73	9.61
300.00	305.59	16.19	7.86	9.77
350.00	305.59	16.13	7.97	9.92
400.00	305.59	16.07	8.09	10.06
450.00	305.60	16.02	8.19	10.18
500.00	305.60	15.97	8.30	10.30
550.00	305.61	15.91	8.41	10.41
600.00	305.62	15.85	8.53	10.53
650.00	305.63	15.78	8.65	10.64
700.00	305.64	15.72	8.78	10.75
750.00	305.67	15.60	8.98	10.90
800.00	305.71	15.42	9.26	11.09
850.00	305.76	15.24	9.55	11.28
900.00	305.80	15.06	9.83	11.47
950.00	305.85	14.88	10.12	11.66
1000.00	305.94	14.59	10.47	11.84
1050.00	306.03	14.29	10.83	12.02
1100.00	306.13	14.00	11.20	12.19
1150.00	306.23	13.70	11.56	12.37
1200.00	306.32	13.41	11.92	12.55
1250.00	306.42	13.13	12.17	12.68
1300.00	306.51	12.88	12.32	12.76
1350.00	306.60	12.63	12.47	12.83
1400.00	306.69	12.38	12.61	12.91
1450.00	306.79	12.13	12.76	12.99
1500.00	306.88	11.89	12.90	13.07
1550.00	306.97	11.64	13.05	13.15
1600.00	307.07	11.39	13.22	13.25
1650.00	307.17	11.14	13.38	13.35
1700.00	307.28	10.90	13.55	13.45
1750.00	307.38	10.65	13.71	13.54
1800.00	307.48	10.40	13.87	13.64
1850.00	307.58	10.16	14.04	13.74
1900.00	307.68	9.91	14.20	13.84
1950.00	307.96	9.34	14.51	13.94
2000.00	308.32	8.63	14.89	14.05
2050.00	308.68	7.92	15.27	14.16
2100.00	309.04	7.20	15.65	14.26
2150.00	309.40	6.49	16.02	14.37
2200.00	309.76	5.78	16.40	14.47
2250.00	310.12	5.06	16.78	14.58
2300.00	310.47	4.35	17.16	14.68
2350.00	310.78	3.79	17.49	14.74
2400.00	310.99	3.55	17.75	14.72
2450.00	311.19	3.30	18.00	14.69
2500.00	311.39	3.05	18.25	14.67
2550.00	311.60	2.81	18.51	14.65
2600.00	311.80	2.56	18.76	14.62
2650.00	312.01	2.31	19.01	14.60
2700.00	312.21	2.07	19.27	14.57
2750.00	312.42	1.82	19.52	14.55
2800.00	312.61	1.59	19.75	14.52
2850.00	312.71	1.58	19.75	14.45
2900.00	312.81	1.56	19.75	14.39
2950.00	312.91	1.54	19.75	14.32
3000.00	313.01	1.53	19.75	14.26
3050.00	313.11	1.51	19.75	14.19
3100.00	313.21	1.50	19.75	14.13
3150.00	313.31	1.48	19.75	14.06
3200.00	313.41	1.46	19.75	14.00
3250.00	313.51	1.45	19.75	13.93
3300.00	313.61	1.43	19.75	13.86
3350.00	313.69	1.44	19.74	13.83
3400.00	313.77	1.44	19.73	13.80
3450.00	313.85	1.45	19.72	13.77
3500.00	313.93	1.46	19.71	13.74
3550.00	314.01	1.46	19.70	13.71
3600.00	314.09	1.47	19.69	13.68
3650.00	314.17	1.48	19.68	13.65
3700.00	314.25	1.48	19.67	13.62
3750.00	314.33	1.49	19.66	13.59
3800.00	314.41	1.50	19.65	13.56
3850.00	314.49	1.50	19.66	13.53
3900.00	314.61	1.50	19.85	13.52
3950.00	314.74	1.50	20.04	13.51
4000.00	314.86	1.50	20.22	13.50
4050.00	314.98	1.50	20.41	13.49
4100.00	315.11	1.50	20.60	13.49
4150.00	315.23	1.50	20.79	13.48
4200.00	315.35	1.50	20.98	13.47
4250.00	315.47	1.50	21.17	13.46
4300.00	315.60	1.50	21.35	13.45
4350.00	315.72	1.50	21.54	13.44
4400.00	315.84	1.51	21.73	13.43
4450.00	315.97	1.50	21.95	13.43
4500.00	316.11	1.50	22.25	13.43
4550.00	316.25	1.50	22.54	13.42
4600.00	316.39	1.49	22.84	13.42
4650.00	316.54	1.49	23.13	13.42
4700.00	316.68	1.49	23.43	13.42
4750.00	316.82	1.48	23.72	13.42
4800.00	316.96	1.48	24.02	13.42
4850.00	317.10	1.48	24.31	13.41
4900.00	317.24	1.47	24.61	13.41
4950.00	317.38	1.47	24.90	13.41
5000.00	317.52	1.47	25.20	13.41
5050.00	317.66	1.46	25.49	13.41
5100.00	317.79	1.45	25.73	13.43
5150.00	317.91	1.44	25.94	13.46
5200.00	318.03	1.42	26.14	13.50
5250.00	318.15	1.41	26.34	13.54
5300.00	318.27	1.39	26.55	13.58
5350.00	318.39	1.38	26.75	13.62
5400.00	318.51	1.36	26.95	13.65
5450.00	318.63	1.35	27.15	13.69
5500.00	318.75	1.33	27.36	13.73
5550.00	318.87	1.32	27.56	13.77
5600.00	318.99	1.30	27.76	13.80
5650.00	319.11	1.29	27.97	13.84
5700.00	319.23	1.27	28.17	13.88
5750.00	319.35	1.25	28.37	13.92
5800.00	319.46	1.23	28.49	13.96
5850.00	319.56	1.19	28.59	14.00
5900.00	319.67	1.16	28.69	14.04
5950.00	319.78	1.13	28.79	14.08
6000.00	319.89	1.10	28.89	14.12
6050.00	319.99	1.06	28.99	14.16
6100.00	320.10	1.03	29.09	14.20
6150.00	320.21	1.00	29.19	14.25
6200.00	320.32	0.97	29.29	14.29
6250.00	320.42	0.94	29.39	14.33
6300.00	320.53	0.90	29.49	14.37
6350.00	320.64	0.87	29.59	14.41
6400.00	320.75	0.84	29.69	14.45
6450.00	320.85	0.81	29.79	14.49
6500.00	320.98	0.78	29.89	14.54
6550.00	321.12	0.75	29.99	14.60
6600.00	321.26	0.72	30.09	14.66
6650.00	321.40	0.69	30.19	14.72
6700.00	321.54	0.66	30.30	14.78
6750.00	321.69	0.63	30.40	14.84
6800.00	321.83	0.60	30.50	14.90
6850.00	321.97	0.57	30.60	14.96
6900.00	322.11	0.54	30.70	15.02
6950.00	322.25	0.51	30.81	15.08
7000.00	322.39	0.48	30.91	15.14
7050.00	322.53	0.45	31.01	15.20
7100.00	322.67	0.42	31.11	15.26
7150.00	322.81	0.39	31.22	15.32
7200.00	322.97	0.37	31.33	15.38
7250.00	323.14	0.35	31.46	15.43
7300.00	323.30	0.34	31.59	15.48
7350.00	323.47	0.33	31.72	15.53
7400.00	323.64	0.31	31.85	15.58
7450.00	323.80	0.30	31.98	15.62
7500.00	323.97	0.28	32.12	15.67
7550.00	324.14	0.27	32.25	15.72
7600.00	324.30	0.26	32.38	15.77
7650.00	324.47	0.24	32.51	15.82
7700.00	324.63	0.23	32.64	15.87
7750.00	324.80	0.21	32.77	15.92
7800.00	324.97	0.20	32.90	15.97
7850.00	325.13	0.18	33.03	16.02
7900.00	325.29	0.18	33.15	16.02
7950.00	325.45	0.17	33.27	16.00
8000.00	325.60	0.17	33.39	15.99
8050.00	325.76	0.16	33.50	15.97
8100.00	325.91	0.16	33.62	15.96
8150.00	326.07	0.15	33.74	15.95
8200.00	326.22	0.15	33.86	15.93
8250.00	326.38	0.15	33.98	15.92
8300.00	326.53	0.14	34.10	15.91
8350.00	326.69	0.14	34.22	15.89
8400.00	326.84	0.13	34.33	15.88
8450.00	327.00	0.13	34.45	15.86
8500.00	327.15	0.12	34.57	15.85
8550.00	327.31	0.12	34.69	15.82
8600.00	327.45	0.12	34.79	15.76
8650.00	327.59	0.11	34.89	15.69
8700.00	327.73	0.11	35.00	15.63
8750.00	327.88	0.11	35.10	15.56
8800.00	328.02	0.11	35.21	15.50
8850.00	328.16	0.10	35.31	15.43
8900.00	328.31	0.10	35.41	15.36
8950.00	328.45	0.10	35.52	15.30
9000.00	328.59	0.10	35.62	15.23
9050.00	328.73	0.10	35.72	15.17
9100.00	328.88	0.09	35.83	15.10
9150.00	329.02	0.09	35.93	15.04
9200.00	329.16	0.09	36.04	14.97
9250.00	329.33	0.09	36.14	14.89
9300.00	329.50	0.09	36.24	14.80
9350.00	329.67	0.08	36.35	14.71
9400.00	329.84	0.08	36.45	14.63
9450.00	330.00	0.08	36.55	14.54
9500.00	330.17	0.08	36.66	14.46
9550.00	330.34	0.07	36.76	14.37
9600.00	330.51	0.07	36.86	14.28
9650.00	330.68	0.07	36.97	14.20
9700.00	330.85	0.07	37.07	14.11
9750.00	331.01	0.07	37.17	14.02
9800.00	331.18	0.06	37.28	13.94
9850.00	331.35	0.06	37.38	13.85
9900.00	331.57	0.06	37.49	13.75
9950.00	331.79	0.06	37.59	13.65
10000.00	332.01	0.06	37.70	13.55
10050.00	332.24	0.05	37.81	13.46
10100.00	332.46	0.05	37.92	13.36
10150.00	332.68	0.05	38.02	13.26
10200.00	332.91	0.05	38.13	13.16
10250.00	333.13	0.05	38.24	13.06
10300.00	333.35	0.04	38.35	12.96
10350.00	333.57	0.04	38.45	12.86
10400.00	333.80	0.04	38.56	12.76
10450.00	334.02	0.04	38.67	12.66
10500.00	334.24	0.04	38.78	12.56
10550.00	334.53	0.03	38.84	12.55
10600.00	334.81	0.03	38.91	12.53
10650.00	335.09	0.03	38.97	12.52
10700.00	335.37	0.03	39.04	12.50
10750.00	335.65	0.03	39.11	12.49
10800.00	335.93	0.03	39.17	12.48
10850.00	336.22	0.03	39.24	12.46
10900.00	336.50	0.03	39.30	12.45
10950.00	336.78	0.02	39.37	12.43
11000.00	337.06	0.02	39.43	12.42
11050.00	337.34	0.02	39.50	12.40
11100.00	337.63	0.02	39.57	12.39
11150.00	337.94	0.02	39.62	12.39
11200.00	338.34	0.02	39.64	12.41
11250.00	338.74	0.02	39.67	12.43
11300.00	339.15	0.02	39.69	12.45
11350.00	339.55	0.02	39.71	12.47
11400.00	339.95	0.02	39.74	12.49
11450.00	340.35	0.02	39.76	12.51
11500.00	340.75	0.01	39.79	12.54
11550.00	341.15	0.01	39.81	12.56
11600.00	341.56	0.01	39.83	12.58
11650.00	341.96	0.01	39.86	12.60
11700.00	342.36	0.01	39.88	12.62
11750.00	342.76	0.01	39.90	12.64
11800.00	343.33	0.01	39.85	12.65
11850.00	343.97	0.01	39.76	12.64
11900.00	344.61	0.01	39.67	12.64
11950.00	345.25	0.01	39.59	12.64
12000.00	345.88	0.01	39.50	12.63
12050.00	346.52	0.01	39.41	12.63
12100.00	347.16	0.01	39.32	12.63
12150.00	347.80	0.01	39.23	12.62
12200.00	348.44	0.01	39.15	12.62
12250.00	349.07	0.01	39.06	12.62
12300.00	349.71	0.01	38.97	12.61
12350.00	350.35	0.01	38.88	12.61
12400.00	351.04	0.01	38.77	12.59
12450.00	351.88	0.01	38.55	12.52
12500.00	352.73	0.01	38.34	12.46
12550.00	353.57	0.01	38.13	12.39
12600.00	354.42	0.01	37.92	12.32
12650.00	355.26	0.01	37.71	12.25
12700.00	356.10	0.01	37.50	12.19
12750.00	356.95	0.01	37.29	12.12
12800.00	357.79	0.01	37.08	12.05
12850.00	358.64	0.01	36.87	11.98
12900.00	359.48	0.01	36.66	11.92
12950.00	360.32	0.01	36.45	11.85
13000.00	361.17	0.01	36.24	11.78
13050.00	362.07	0.01	35.95	11.73
13100.00	362.97	0.01	35.64	11.68
13150.00	363.88	0.01	35.33	11.64
13200.00	364.79	0.01	35.02	11.59
13250.00	365.70	0.01	34.71	11.54
13300.00	366.61	0.01	34.40	11.49
13350.00	367.52	0.01	34.09	11.45
13400.00	368.43	0.01	33.78	11.40
13450.00	369.33	0.01	33.47	11.35
13500.00	370.24	0.01	33.16	11.31
13550.00	371.15	0.01	32.85	11.26
13600.00	372.06	0.01	32.54	11.21
13650.00	372.95	0.01	32.24	11.19
13700.00	373.81	0.01	31.95	11.21
13750.00	374.67	0.01	31.66	11.23
13800.00	375.53	0.01	31.37	11.24
13850.00	376.39	0.01	31.08	11.26
13900.00	377.25	0.00	30.79	11.28
13950.00	378.11	0.00	30.50	11.30
14000.00	378.97	0.00	30.21	11.32
14050.00	379.83	0.00	29.92	11.34
14100.00	380.69	0.00	29.63	11.36
14150.00	381.55	0.00	29.34	11.38
14200.00	382.41	0.00	29.05	11.39
14250.00	383.27	0.00	28.76	11.41
14300.00	384.08	0.00	28.63	11.40
14350.00	384.89	0.00	28.53	11.39
14400.00	385.69	0.00	28.42	11.37
14450.00	386.50	0.00	28.31	11.36
14500.00	387.31	0.00	28.20	11.34
14550.00	388.11	0.00	28.09	11.33
14600.00	388.92	0.00	27.99	11.31
14650.00	389.73	0.00	27.88	11.30
14700.00	390.53	0.00	27.77	11.28
14750.00	391.34	0.00	27.66	11.27
14800.00	392.15	0.00	27.55	11.26
14850.00	392.95	0.00	27.45	11.24
14900.00	393.76	0.00	27.42	11.19
14950.00	394.57	0.00	27.51	11.08
15000.00	395.38	0.00	27.60	10.97
15050.00	396.18	0.00	27.69	10.87
15100.00	396.99	0.00	27.78	10.76
15150.00	397.80	0.00	27.87	10.65
15200.00	398.61	0.00	27.96	10.55
15250.00	399.41	0.00	28.05	10.44
15300.00	400.22	0.00	28.14	10.33
15350.00	401.03	0.00	28.23	10.22
15400.00	401.84	0.00	28.32	10.12
15450.00	402.64	0.00	28.41	10.01
15500.00	403.45	0.00	28.50	9.90
15550.00	404.19	0.00	28.45	9.77
15600.00	404.92	0.00	28.41	9.64
15650.00	405.66	0.00	28.36	9.51
15700.00	406.40	0.00	28.31	9.38
15750.00	407.13	0.00	28.27	9.24
15800.00	407.87	0.00	28.22	9.11
15850.00	408.61	0.00	28.18	8.98
15900.00	409.34	0.00	28.13	8.85
15950.00	410.08	0.00	28.08	8.72
16000.00	410.81	0.00	28.04	8.59
16050.00	411.55	0.00	27.99	8.45
16100.00	412.29	0.00	27.95	8.32
16150.00	413.05	0.00	27.77	8.35
16200.00	413.82	0.00	27.53	8.46
16250.00	414.59	0.00	27.28	8.58
16300.00	415.37	0.00	27.03	8.70
16350.00	416.14	0.00	26.79	8.81
16400.00	416.92	0.00	26.54	8.93
16450.00	417.69	0.00	26.29	9.05
16500.00	418.46	0.00	26.04	9.16
16550.00	419.24	0.00	25.80	9.28
16600.00	420.01	0.00	25.55	9.40
16650.00	420.78	0.00	25.30	9.51
16700.00	421.56	0.00	25.05	9.63
16750.00	422.29	0.00	24.79	9.74
16800.00	422.93	0.00	24.47	9.86
16850.00	423.58	0.00	24.16	9.97
16900.00	424.22	0.00	23.84	10.08
16950.00	424.86	0.00	23.53	10.19
17000.00	425.51	0.00	23.21	10.31
17050.00	426.15	0.00	22.90	10.42
17100.00	426.79	0.00	22.58	10.53
17150.00	427.44	0.00	22.27	10.64
17200.00	428.08	0.00	21.95	10.76
17250.00	428.72	0.00	21.63	10.87
17300.00	429.37	0.00	21.32	10.98
17350.00	430.01	0.00	21.03	11.07
17400.00	430.61	0.00	20.96	10.93
17450.00	431.21	0.00	20.88	10.79
17500.00	431.81	0.00	20.81	10.64
17550.00	432.42	0.00	20.74	10.50
17600.00	433.02	0.00	20.66	10.36
17650.00	433.62	0.00	20.59	10.22
17700.00	434.22	0.00	20.52	10.08
17750.00	434.83	0.00	20.44	9.94
17800.00	435.43	0.00	20.37	9.79
17850.00	436.03	0.00	20.30	9.65
17900.00	436.63	0.00	20.23	9.51
17950.00	437.24	0.00	20.15	9.36
18000.00	438.48	0.00	19.92	8.50
18050.00	439.72	0.00	19.68	7.64
18100.00	440.96	0.00	19.45	6.78
18150.00	442.21	0.00	19.21	5.92
18200.00	443.45	0.00	18.98	5.06
18250.00	444.69	0.00	18.74	4.20
18300.00	445.93	0.00	18.51	3.34
18350.00	447.17	0.00	18.27	2.48
18400.00	448.41	0.00	18.04	1.62
18450.00	449.65	0.00	17.80	0.76
18500.00	450.90	0.00	17.57	-0.10
18550.00	452.14	0.00	17.34	-0.96
18600.00	453.41	0.00	16.38	-1.11
18650.00	454.69	0.00	15.39	-1.22
18700.00	455.97	0.00	14.40	-1.33
18750.00	457.24	0.00	13.41	-1.44
18800.00	458.52	0.00	12.42	-1.55
18850.00	459.80	0.00	11.43	-1.66
18900.00	461.08	0.00	10.44	-1.77
18950.00	462.35	0.00	9.45	-1.88
19000.00	463.63	0.00	8.46	-1.99
19050.00	464.91	0.00	7.47	-2.10
19100.00	466.19	0.00	6.48	-2.21
19150.00	467.46	0.00	5.49	-2.32
19200.00	468.51	0.00	5.03	-2.08
19250.00	469.51	0.00	4.67	-1.78
19300.00	470.51	0.00	4.32	-1.47
19350.00	471.51	0.00	3.97	-1.16
19400.00	472.51	0.00	3.61	-0.85
19450.00	473.51	0.00	3.26	-0.54
19500.00	474.51	0.00	2.91	-0.23
19550.00	475.51	0.00	2.55	0.07
19600.00	476.51	0.00	2.20	0.38
19650.00	477.52	0.00	1.85	0.69
19700.00	478.52	0.00	1.49	1.00
19750.00	479.52	0.00	1.14	1.31
19800.00	480.67	0.00	0.91	1.43
19850.00	481.89	0.00	0.74	1.46
19900.00	483.12	0.00	0.57	1.49
19950.00	484.34	0.00	0.40	1.52
20000.00	485.56	0.00	0.23	1.56
20050.00	486.79	0.00	0.07	1.59
