965.50	305.63	16.96
0.00	305.63	16.96	6.65	10.06
50.00	305.61	16.81	4.43	7.09
100.00	305.59	16.53	4.98	7.87
150.00	305.59	16.41	5.24	8.23
200.00	305.59	16.32	5.43	8.49
250.00	305.58	16.25	5.59	8.70
300.00	305.59	16.19	5.72	8.86
350.00	305.59	16.13	5.83	9.01
400.00	305.59	16.07	5.95	9.15
450.00	305.60	16.02	6.05	9.27
500.00	305.60	15.97	6.16	9.39
550.00	305.61	15.91	6.27	9.50
600.00	305.62	15.85	6.39	9.62
650.00	305.63	15.78	6.51	9.73
700.00	305.64	15.72	6.64	9.84
750.00	305.67	15.60	6.84	9.99
800.00	305.71	15.42	7.12	10.18
850.00	305.76	15.24	7.41	10.37
900.00	305.80	15.06	7.69	10.56
950.00	305.85	14.88	7.98	10.75
1000.00	305.94	14.59	8.33	10.93
1050.00	306.03	14.29	8.69	11.11
1100.00	306.13	14.00	9.06	11.28
1150.00	306.23	13.70	9.42	11.46
1200.00	306.32	13.41	9.78	11.64
1250.00	306.42	13.13	10.03	11.77
1300.00	306.51	12.88	10.18	11.85
1350.00	306.60	12.63	10.33	11.92
1400.00	306.69	12.38	10.47	12.00
1450.00	306.79	12.13	10.62	12.08
1500.00	306.88	11.89	10.76	12.16
1550.00	306.97	11.64	10.91	12.24
1600.00	307.07	11.39	11.08	12.34
1650.00	307.17	11.14	11.24	12.44
1700.00	307.28	10.90	11.41	12.54
1750.00	307.38	10.65	11.57	12.63
1800.00	307.48	10.40	11.73	12.73
1850.00	307.58	10.16	11.90	12.83
1900.00	307.68	9.91	12.06	12.93
1950.00	307.96	9.34	12.37	13.03
2000.00	308.32	8.63	12.75	13.14
2050.00	308.68	7.92	13.13	13.25
2100.00	309.04	7.20	13.51	13.35
2150.00	309.40	6.49	13.88	13.46
2200.00	309.76	5.78	14.26	13.56
2250.00	310.12	5.06	14.64	13.67
2300.00	310.47	4.35	15.02	13.77
2350.00	310.78	3.79	15.35	13.83
2400.00	310.99	3.55	15.61	13.81
2450.00	311.19	3.30	15.86	13.78
2500.00	311.39	3.05	16.11	13.76
2550.00	311.60	2.81	16.37	13.74
2600.00	311.80	2.56	16.62	13.71
2650.00	312.01	2.31	16.87	13.69
2700.00	312.21	2.07	17.13	13.66
2750.00	312.42	1.82	17.38	13.64
2800.00	312.61	1.59	17.61	13.61
2850.00	312.71	1.58	17.61	13.54
2900.00	312.81	1.56	17.61	13.48
2950.00	312.91	1.54	17.61	13.41
3000.00	313.01	1.53	17.61	13.35
3050.00	313.11	1.51	17.61	13.28
3100.00	313.21	1.50	17.61	13.22
3150.00	313.31	1.48	17.61	13.15
3200.00	313.41	1.46	17.61	13.09
3250.00	313.51	1.45	17.61	13.02
3300.00	313.61	1.43	17.61	12.95
3350.00	313.69	1.44	17.60	12.92
3400.00	313.77	1.44	17.59	12.89
3450.00	313.85	1.45	17.58	12.86
3500.00	313.93	1.46	17.57	12.83
3550.00	314.01	1.46	17.56	12.80
3600.00	314.09	1.47	17.55	12.77
3650.00	314.17	1.48	17.54	12.74
3700.00	314.25	1.48	17.53	12.71
3750.00	314.33	1.49	17.52	12.68
3800.00	314.41	1.50	17.51	12.65
3850.00	314.49	1.50	17.52	12.62
3900.00	314.61	1.50	17.71	12.61
3950.00	314.74	1.50	17.90	12.60
4000.00	314.86	1.50	18.08	12.59
4050.00	314.98	1.50	18.27	12.58
4100.00	315.11	1.50	18.46	12.58
4150.00	315.23	1.50	18.65	12.57
4200.00	315.35	1.50	18.84	12.56
4250.00	315.47	1.50	19.03	12.55
4300.00	315.60	1.50	19.21	12.54
4350.00	315.72	1.50	19.40	12.53
4400.00	315.84	1.51	19.59	12.52
4450.00	315.97	1.50	19.81	12.52
4500.00	316.11	1.50	20.11	12.52
4550.00	316.25	1.50	20.40	12.51
4600.00	316.39	1.49	20.70	12.51
4650.00	316.54	1.49	20.99	12.51
4700.00	316.68	1.49	21.29	12.51
4750.00	316.82	1.48	21.58	12.51
4800.00	316.96	1.48	21.88	12.51
4850.00	317.10	1.48	22.17	12.50
4900.00	317.24	1.47	22.47	12.50
4950.00	317.38	1.47	22.76	12.50
5000.00	317.52	1.47	23.06	12.50
5050.00	317.66	1.46	23.35	12.50
5100.00	317.79	1.45	23.59	12.52
5150.00	317.91	1.44	23.80	12.55
5200.00	318.03	1.42	24.00	12.59
5250.00	318.15	1.41	24.20	12.63
5300.00	318.27	1.39	24.41	12.67
5350.00	318.39	1.38	24.61	12.71
5400.00	318.51	1.36	24.81	12.74
5450.00	318.63	1.35	25.01	12.78
5500.00	318.75	1.33	25.22	12.82
5550.00	318.87	1.32	25.42	12.86
5600.00	318.99	1.30	25.62	12.89
5650.00	319.11	1.29	25.83	12.93
5700.00	319.23	1.27	26.03	12.97
5750.00	319.35	1.25	26.23	13.01
5800.00	319.46	1.23	26.35	13.05
5850.00	319.56	1.19	26.45	13.09
5900.00	319.67	1.16	26.55	13.13
5950.00	319.78	1.13	26.65	13.17
6000.00	319.89	1.10	26.75	13.21
6050.00	319.99	1.06	26.85	13.25
6100.00	320.10	1.03	26.95	13.29
6150.00	320.21	1.00	27.05	13.34
6200.00	320.32	0.97	27.15	13.38
6250.00	320.42	0.94	27.25	13.42
6300.00	320.53	0.90	27.35	13.46
6350.00	320.64	0.87	27.45	13.50
6400.00	320.75	0.84	27.55	13.54
6450.00	320.85	0.81	27.65	13.58
6500.00	320.98	0.78	27.75	13.63
6550.00	321.12	0.75	27.85	13.69
6600.00	321.26	0.72	27.95	13.75
6650.00	321.40	0.69	28.05	13.81
6700.00	321.54	0.66	28.16	13.87
6750.00	321.69	0.63	28.26	13.93
6800.00	321.83	0.60	28.36	13.99
6850.00	321.97	0.57	28.46	14.05
6900.00	322.11	0.54	28.56	14.11
6950.00	322.25	0.51	28.67	14.17
7000.00	322.39	0.48	28.77	14.23
7050.00	322.53	0.45	28.87	14.29
7100.00	322.67	0.42	28.97	14.35
7150.00	322.81	0.39	29.08	14.41
7200.00	322.97	0.37	29.19	14.47
7250.00	323.14	0.35	29.32	14.52
7300.00	323.30	0.34	29.45	14.57
7350.00	323.47	0.33	29.58	14.62
7400.00	323.64	0.31	29.71	14.67
7450.00	323.80	0.30	29.84	14.71
7500.00	323.97	0.28	29.98	14.76
7550.00	324.14	0.27	30.11	14.81
7600.00	324.30	0.26	30.24	14.86
7650.00	324.47	0.24	30.37	14.91
7700.00	324.63	0.23	30.50	14.96
7750.00	324.80	0.21	30.63	15.01
7800.00	324.97	0.20	30.76	15.06
7850.00	325.13	0.18	30.89	15.11
7900.00	325.29	0.18	31.01	15.11
7950.00	325.45	0.17	31.13	15.09
8000.00	325.60	0.17	31.25	15.08
8050.00	325.76	0.16	31.36	15.06
8100.00	325.91	0.16	31.48	15.05
8150.00	326.07	0.15	31.60	15.04
8200.00	326.22	0.15	31.72	15.02
8250.00	326.38	0.15	31.84	15.01
8300.00	326.53	0.14	31.96	15.00
8350.00	326.69	0.14	32.08	14.98
8400.00	326.84	0.13	32.19	14.97
8450.00	327.00	0.13	32.31	14.95
8500.00	327.15	0.12	32.43	14.94
8550.00	327.31	0.12	32.55	14.91
8600.00	327.45	0.12	32.65	14.85
8650.00	327.59	0.11	32.75	14.78
8700.00	327.73	0.11	32.86	14.72
8750.00	327.88	0.11	32.96	14.65
8800.00	328.02	0.11	33.07	14.59
8850.00	328.16	0.10	33.17	14.52
8900.00	328.31	0.10	33.27	14.45
8950.00	328.45	0.10	33.38	14.39
9000.00	328.59	0.10	33.48	14.32
9050.00	328.73	0.10	33.58	14.26
9100.00	328.88	0.09	33.69	14.19
9150.00	329.02	0.09	33.79	14.13
9200.00	329.16	0.09	33.90	14.06
9250.00	329.33	0.09	34.00	13.98
9300.00	329.50	0.09	34.10	13.89
9350.00	329.67	0.08	34.21	13.80
9400.00	329.84	0.08	34.31	13.72
9450.00	330.00	0.08	34.41	13.63
9500.00	330.17	0.08	34.52	13.55
9550.00	330.34	0.07	34.62	13.46
9600.00	330.51	0.07	34.72	13.37
9650.00	330.68	0.07	34.83	13.29
9700.00	330.85	0.07	34.93	13.20
9750.00	331.01	0.07	35.03	13.11
9800.00	331.18	0.06	35.14	13.03
9850.00	331.35	0.06	35.24	12.94
9900.00	331.57	0.06	35.35	12.84
9950.00	331.79	0.06	35.45	12.74
10000.00	332.01	0.06	35.56	12.64
10050.00	332.24	0.05	35.67	12.55
10100.00	332.46	0.05	35.78	12.45
10150.00	332.68	0.05	35.88	12.35
10200.00	332.91	0.05	35.99	12.25
10250.00	333.13	0.05	36.10	12.15
10300.00	333.35	0.04	36.21	12.05
10350.00	333.57	0.04	36.31	11.95
10400.00	333.80	0.04	36.42	11.85
10450.00	334.02	0.04	36.53	11.75
10500.00	334.24	0.04	36.64	11.65
10550.00	334.53	0.03	36.70	11.64
10600.00	334.81	0.03	36.77	11.62
10650.00	335.09	0.03	36.83	11.61
10700.00	335.37	0.03	36.90	11.59
10750.00	335.65	0.03	36.97	11.58
10800.00	335.93	0.03	37.03	11.57
10850.00	336.22	0.03	37.10	11.55
10900.00	336.50	0.03	37.16	11.54
10950.00	336.78	0.02	37.23	11.52
11000.00	337.06	0.02	37.29	11.51
11050.00	337.34	0.02	37.36	11.49
11100.00	337.63	0.02	37.43	11.48
11150.00	337.94	0.02	37.48	11.48
11200.00	338.34	0.02	37.50	11.50
11250.00	338.74	0.02	37.53	11.52
11300.00	339.15	0.02	37.55	11.54
11350.00	339.55	0.02	37.57	11.56
11400.00	339.95	0.02	37.60	11.58
11450.00	340.35	0.02	37.62	11.60
11500.00	340.75	0.01	37.65	11.63
11550.00	341.15	0.01	37.67	11.65
11600.00	341.56	0.01	37.69	11.67
11650.00	341.96	0.01	37.72	11.69
11700.00	342.36	0.01	37.74	11.71
11750.00	342.76	0.01	37.76	11.73
11800.00	343.33	0.01	37.71	11.74
11850.00	343.97	0.01	37.62	11.73
11900.00	344.61	0.01	37.53	11.73
11950.00	345.25	0.01	37.45	11.73
12000.00	345.88	0.01	37.36	11.72
12050.00	346.52	0.01	37.27	11.72
12100.00	347.16	0.01	37.18	11.72
12150.00	347.80	0.01	37.09	11.71
12200.00	348.44	0.01	37.01	11.71
12250.00	349.07	0.01	36.92	11.71
12300.00	349.71	0.01	36.83	11.70
12350.00	350.35	0.01	36.74	11.70
12400.00	351.04	0.01	36.63	11.68
12450.00	351.88	0.01	36.41	11.61
12500.00	352.73	0.01	36.20	11.55
12550.00	353.57	0.01	35.99	11.48
12600.00	354.42	0.01	35.78	11.41
12650.00	355.26	0.01	35.57	11.34
12700.00	356.10	0.01	35.36	11.28
12750.00	356.95	0.01	35.15	11.21
12800.00	357.79	0.01	34.94	11.14
12850.00	358.64	0.01	34.73	11.07
12900.00	359.48	0.01	34.52	11.01
12950.00	360.32	0.01	34.31	10.94
13000.00	361.17	0.01	34.10	10.87
13050.00	362.07	0.01	33.81	10.82
13100.00	362.97	0.01	33.50	10.77
13150.00	363.88	0.01	33.19	10.73
13200.00	364.79	0.01	32.88	10.68
13250.00	365.70	0.01	32.57	10.63
13300.00	366.61	0.01	32.26	10.58
13350.00	367.52	0.01	31.95	10.54
13400.00	368.43	0.01	31.64	10.49
13450.00	369.33	0.01	31.33	10.44
13500.00	370.24	0.01	31.02	10.40
13550.00	371.15	0.01	30.71	10.35
13600.00	372.06	0.01	30.40	10.30
13650.00	372.95	0.01	30.10	10.28
13700.00	373.81	0.01	29.81	10.30
13750.00	374.67	0.01	29.52	10.32
13800.00	375.53	0.01	29.23	10.33
13850.00	376.39	0.01	28.94	10.35
13900.00	377.25	0.00	28.65	10.37
13950.00	378.11	0.00	28.36	10.39
14000.00	378.97	0.00	28.07	10.41
14050.00	379.83	0.00	27.78	10.43
14100.00	380.69	0.00	27.49	10.45
14150.00	381.55	0.00	27.20	10.47
14200.00	382.41	0.00	26.91	10.48
14250.00	383.27	0.00	26.62	10.50
14300.00	384.08	0.00	26.49	10.49
14350.00	384.89	0.00	26.39	10.48
14400.00	385.69	0.00	26.28	10.46
14450.00	386.50	0.00	26.17	10.45
14500.00	387.31	0.00	26.06	10.43
14550.00	388.11	0.00	25.95	10.42
14600.00	388.92	0.00	25.85	10.40
14650.00	389.73	0.00	25.74	10.39
14700.00	390.53	0.00	25.63	10.37
14750.00	391.34	0.00	25.52	10.36
14800.00	392.15	0.00	25.41	10.35
14850.00	392.95	0.00	25.31	10.33
14900.00	393.76	0.00	25.28	10.28
14950.00	394.57	0.00	25.37	10.17
15000.00	395.38	0.00	25.46	10.06
15050.00	396.18	0.00	25.55	9.96
15100.00	396.99	0.00	25.64	9.85
15150.00	397.80	0.00	25.73	9.74
15200.00	398.61	0.00	25.82	9.64
15250.00	399.41	0.00	25.91	9.53
15300.00	400.22	0.00	26.00	9.42
15350.00	401.03	0.00	26.09	9.31
15400.00	401.84	0.00	26.18	9.21
15450.00	402.64	0.00	26.27	9.10
15500.00	403.45	0.00	26.36	8.99
15550.00	404.19	0.00	26.31	8.86
15600.00	404.92	0.00	26.27	8.73
15650.00	405.66	0.00	26.22	8.60
15700.00	406.40	0.00	26.17	8.47
15750.00	407.13	0.00	26.13	8.33
15800.00	407.87	0.00	26.08	8.20
15850.00	408.61	0.00	26.04	8.07
15900.00	409.34	0.00	25.99	7.94
15950.00	410.08	0.00	25.94	7.81
16000.00	410.81	0.00	25.90	7.68
16050.00	411.55	0.00	25.85	7.54
16100.00	412.29	0.00	25.81	7.41
16150.00	413.05	0.00	25.63	7.44
16200.00	413.82	0.00	25.39	7.55
16250.00	414.59	0.00	25.14	7.67
16300.00	415.37	0.00	24.89	7.79
16350.00	416.14	0.00	24.65	7.90
16400.00	416.92	0.00	24.40	8.02
16450.00	417.69	0.00	24.15	8.14
16500.00	418.46	0.00	23.90	8.25
16550.00	419.24	0.00	23.66	8.37
16600.00	420.01	0.00	23.41	8.49
16650.00	420.78	0.00	23.16	8.60
16700.00	421.56	0.00	22.91	8.72
16750.00	422.29	0.00	22.65	8.83
16800.00	422.93	0.00	22.33	8.95
16850.00	423.58	0.00	22.02	9.06
16900.00	424.22	0.00	21.70	9.17
16950.00	424.86	0.00	21.39	9.28
17000.00	425.51	0.00	21.07	9.40
17050.00	426.15	0.00	20.76	9.51
17100.00	426.79	0.00	20.44	9.62
17150.00	427.44	0.00	20.13	9.73
17200.00	428.08	0.00	19.81	9.85
17250.00	428.72	0.00	19.49	9.96
17300.00	429.37	0.00	19.18	10.07
17350.00	430.01	0.00	18.89	10.16
17400.00	430.61	0.00	18.82	10.02
17450.00	431.21	0.00	18.74	9.88
17500.00	431.81	0.00	18.67	9.73
17550.00	432.42	0.00	18.60	9.59
17600.00	433.02	0.00	18.52	9.45
17650.00	433.62	0.00	18.45	9.31
17700.00	434.22	0.00	18.38	9.17
17750.00	434.83	0.00	18.30	9.03
17800.00	435.43	0.00	18.23	8.88
17850.00	436.03	0.00	18.16	8.74
17900.00	436.63	0.00	18.09	8.60
17950.00	437.24	0.00	18.01	8.45
18000.00	438.48	0.00	17.78	7.59
18050.00	439.72	0.00	17.54	6.73
18100.00	440.96	0.00	17.31	5.87
18150.00	442.21	0.00	17.07	5.01
18200.00	443.45	0.00	16.84	4.15
18250.00	444.69	0.00	16.60	3.29
18300.00	445.93	0.00	16.37	2.43
18350.00	447.17	0.00	16.13	1.57
18400.00	448.41	0.00	15.90	0.71
18450.00	449.65	0.00	15.66	-0.15
18500.00	450.90	0.00	15.43	-1.01
18550.00	452.14	0.00	15.20	-1.87
18600.00	453.41	0.00	14.24	-2.02
18650.00	454.69	0.00	13.25	-2.13
18700.00	455.97	0.00	12.26	-2.24
18750.00	457.24	0.00	11.27	-2.35
18800.00	458.52	0.00	10.28	-2.46
18850.00	459.80	0.00	9.29	-2.57
18900.00	461.08	0.00	8.30	-2.68
18950.00	462.35	0.00	7.31	-2.79
19000.00	463.63	0.00	6.32	-2.90
19050.00	464.91	0.00	5.33	-3.01
19100.00	466.19	0.00	4.34	-3.12
19150.00	467.46	0.00	3.35	-3.23
19200.00	468.51	0.00	2.89	-2.99
19250.00	469.51	0.00	2.53	-2.69
19300.00	470.51	0.00	2.18	-2.38
19350.00	471.51	0.00	1.83	-2.07
19400.00	472.51	0.00	1.47	-1.76
19450.00	473.51	0.00	1.12	-1.45
19500.00	474.51	0.00	0.77	-1.14
19550.00	475.51	0.00	0.41	-0.84
19600.00	476.51	0.00	0.06	-0.53
19650.00	477.52	0.00	-0.29	-0.22
19700.00	478.52	0.00	-0.65	0.09
19750.00	479.52	0.00	-1.00	0.40
19800.00	480.67	0.00	-1.23	0.52
19850.00	481.89	0.00	-1.40	0.55
19900.00	483.12	0.00	-1.57	0.58
19950.00	484.34	0.00	-1.74	0.61
20000.00	485.56	0.00	-1.91	0.65
20050.00	486.79	0.00	-2.07	0.68
26050.00	486.79	0.00	-2.07	0.68
