965.91	304.58	16.35
0.00	304.58	16.35	6.26	5.74
50.00	304.56	16.27	5.82	2.42
100.00	304.52	16.11	6.15	2.75
150.00	304.51	16.04	6.29	2.94
200.00	304.50	15.99	6.38	3.09
250.00	304.50	15.94	6.46	3.22
300.00	304.50	15.90	6.51	3.34
350.00	304.50	15.87	6.55	3.47
400.00	304.50	15.83	6.59	3.59
450.00	304.51	15.79	6.62	3.73
500.00	304.51	15.75	6.65	3.86
550.00	304.52	15.70	6.68	4.01
600.00	304.54	15.63	6.70	4.19
650.00	304.56	15.55	6.73	4.37
700.00	304.58	15.48	6.75	4.55
750.00	304.62	15.36	6.77	4.75
800.00	304.68	15.20	6.78	4.98
850.00	304.73	15.04	6.79	5.21
900.00	304.79	14.88	6.80	5.44
950.00	304.84	14.71	6.81	5.67
1000.00	304.96	14.45	6.83	5.85
1050.00	305.07	14.18	6.85	6.03
1100.00	305.18	13.91	6.87	6.21
1150.00	305.29	13.64	6.89	6.39
1200.00	305.40	13.38	6.91	6.57
1250.00	305.49	13.17	6.97	6.74
1300.00	305.56	13.01	7.04	6.90
1350.00	305.63	12.86	7.12	7.06
1400.00	305.70	12.70	7.20	7.22
1450.00	305.78	12.54	7.27	7.38
1500.00	305.85	12.38	7.35	7.54
1550.00	305.92	12.22	7.44	7.70
1600.00	306.01	12.03	7.58	7.85
1650.00	306.09	11.85	7.72	8.01
1700.00	306.18	11.66	7.86	8.17
1750.00	306.27	11.47	8.00	8.33
1800.00	306.35	11.29	8.14	8.49
1850.00	306.44	11.10	8.29	8.64
1900.00	306.53	10.91	8.43	8.80
1950.00	306.64	10.68	8.64	8.94
2000.00	306.75	10.45	8.88	9.08
2050.00	306.87	10.21	9.11	9.22
2100.00	306.98	9.97	9.34	9.36
2150.00	307.10	9.73	9.57	9.50
2200.00	307.21	9.49	9.81	9.63
2250.00	307.33	9.25	10.04	9.77
2300.00	307.44	9.01	10.27	9.91
2350.00	307.72	8.55	10.61	9.95
2400.00	308.17	7.85	11.05	9.89
2450.00	308.62	7.15	11.50	9.83
2500.00	309.07	6.45	11.95	9.77
2550.00	309.52	5.75	12.39	9.72
2600.00	309.96	5.05	12.84	9.66
2650.00	310.41	4.35	13.28	9.60
2700.00	310.86	3.65	13.73	9.54
2750.00	311.31	2.96	14.17	9.48
2800.00	311.68	2.41	14.53	9.45
2850.00	311.83	2.32	14.63	9.50
2900.00	311.99	2.23	14.73	9.55
2950.00	312.14	2.14	14.84	9.60
3000.00	312.30	2.05	14.94	9.64
3050.00	312.45	1.96	15.04	9.69
3100.00	312.61	1.87	15.14	9.74
3150.00	312.76	1.78	15.24	9.79
3200.00	312.91	1.69	15.34	9.84
3250.00	313.07	1.60	15.45	9.89
3300.00	313.21	1.53	15.52	9.93
3350.00	313.27	1.51	15.47	9.96
3400.00	313.33	1.50	15.42	9.99
3450.00	313.40	1.49	15.38	10.02
3500.00	313.46	1.48	15.33	10.05
3550.00	313.53	1.47	15.28	10.08
3600.00	313.59	1.46	15.23	10.11
3650.00	313.65	1.45	15.19	10.14
3700.00	313.72	1.43	15.14	10.17
3750.00	313.78	1.42	15.09	10.20
3800.00	313.84	1.41	15.04	10.23
3850.00	313.92	1.40	15.07	10.25
3900.00	314.02	1.39	15.29	10.26
3950.00	314.12	1.38	15.50	10.28
4000.00	314.22	1.36	15.71	10.29
4050.00	314.32	1.35	15.92	10.30
4100.00	314.42	1.34	16.13	10.32
4150.00	314.52	1.33	16.34	10.33
4200.00	314.62	1.31	16.55	10.34
4250.00	314.71	1.30	16.76	10.36
4300.00	314.81	1.29	16.97	10.37
4350.00	314.91	1.28	17.18	10.38
4400.00	315.01	1.26	17.39	10.40
4450.00	315.15	1.26	17.73	10.46
4500.00	315.31	1.26	18.18	10.57
4550.00	315.47	1.26	18.63	10.69
4600.00	315.63	1.27	19.08	10.80
4650.00	315.80	1.27	19.53	10.91
4700.00	315.96	1.27	19.98	11.02
4750.00	316.12	1.27	20.44	11.14
4800.00	316.28	1.27	20.89	11.25
4850.00	316.45	1.28	21.34	11.36
4900.00	316.61	1.28	21.79	11.47
4950.00	316.77	1.28	22.24	11.59
5000.00	316.93	1.28	22.69	11.70
5050.00	317.10	1.29	23.14	11.81
5100.00	317.25	1.28	23.49	11.91
5150.00	317.41	1.28	23.83	12.00
5200.00	317.57	1.27	24.16	12.10
5250.00	317.72	1.27	24.50	12.19
5300.00	317.88	1.26	24.83	12.29
5350.00	318.04	1.26	25.17	12.39
5400.00	318.19	1.25	25.51	12.48
5450.00	318.35	1.25	25.84	12.58
5500.00	318.51	1.24	26.18	12.67
5550.00	318.66	1.23	26.51	12.77
5600.00	318.82	1.23	26.85	12.86
5650.00	318.98	1.22	27.18	12.96
5700.00	319.13	1.22	27.52	13.05
5750.00	319.29	1.21	27.83	13.15
5800.00	319.41	1.19	27.90	13.19
5850.00	319.54	1.17	27.97	13.24
5900.00	319.66	1.14	28.04	13.29
5950.00	319.78	1.12	28.11	13.34
6000.00	319.91	1.10	28.17	13.39
6050.00	320.03	1.07	28.24	13.44
6100.00	320.15	1.05	28.31	13.49
6150.00	320.28	1.03	28.38	13.54
6200.00	320.40	1.01	28.44	13.59
6250.00	320.53	0.98	28.51	13.64
6300.00	320.65	0.96	28.58	13.69
6350.00	320.77	0.94	28.65	13.74
6400.00	320.90	0.91	28.71	13.78
6450.00	321.02	0.89	28.78	13.83
6500.00	321.15	0.86	28.75	13.86
6550.00	321.29	0.83	28.71	13.89
6600.00	321.43	0.81	28.66	13.92
6650.00	321.56	0.78	28.62	13.95
6700.00	321.70	0.75	28.57	13.98
6750.00	321.83	0.72	28.53	14.01
6800.00	321.97	0.69	28.48	14.03
6850.00	322.10	0.66	28.44	14.06
6900.00	322.24	0.64	28.39	14.09
6950.00	322.37	0.61	28.35	14.12
7000.00	322.51	0.58	28.30	14.15
7050.00	322.64	0.55	28.26	14.17
7100.00	322.78	0.52	28.21	14.20
7150.00	322.91	0.49	28.17	14.23
7200.00	323.05	0.48	28.16	14.24
7250.00	323.20	0.46	28.17	14.24
7300.00	323.34	0.44	28.17	14.25
7350.00	323.48	0.42	28.18	14.25
7400.00	323.63	0.41	28.18	14.26
7450.00	323.77	0.39	28.19	14.26
7500.00	323.91	0.37	28.19	14.27
7550.00	324.05	0.36	28.20	14.27
7600.00	324.20	0.34	28.20	14.28
7650.00	324.34	0.32	28.21	14.28
7700.00	324.48	0.31	28.21	14.29
7750.00	324.63	0.29	28.22	14.29
7800.00	324.77	0.27	28.22	14.30
7850.00	324.91	0.25	28.23	14.30
7900.00	325.05	0.25	28.33	14.28
7950.00	325.20	0.24	28.43	14.26
8000.00	325.34	0.23	28.52	14.24
8050.00	325.48	0.22	28.62	14.22
8100.00	325.63	0.21	28.72	14.20
8150.00	325.77	0.21	28.81	14.18
8200.00	325.91	0.20	28.91	14.16
8250.00	326.05	0.19	29.01	14.14
8300.00	326.20	0.18	29.10	14.12
8350.00	326.34	0.17	29.20	14.10
8400.00	326.48	0.16	29.30	14.08
8450.00	326.63	0.16	29.39	14.06
8500.00	326.77	0.15	29.49	14.04
8550.00	326.91	0.14	29.62	14.01
8600.00	327.05	0.14	29.78	13.98
8650.00	327.20	0.13	29.94	13.94
8700.00	327.34	0.13	30.10	13.91
8750.00	327.48	0.12	30.26	13.87
8800.00	327.62	0.12	30.42	13.84
8850.00	327.76	0.11	30.58	13.80
8900.00	327.91	0.11	30.74	13.77
8950.00	328.05	0.10	30.90	13.73
9000.00	328.19	0.10	31.06	13.70
9050.00	328.33	0.09	31.22	13.66
9100.00	328.47	0.09	31.38	13.63
9150.00	328.61	0.09	31.54	13.59
9200.00	328.76	0.08	31.70	13.55
9250.00	328.92	0.08	31.86	13.47
9300.00	329.08	0.08	32.03	13.40
9350.00	329.24	0.07	32.19	13.32
9400.00	329.39	0.07	32.35	13.25
9450.00	329.55	0.07	32.51	13.17
9500.00	329.71	0.07	32.67	13.10
9550.00	329.87	0.06	32.83	13.03
9600.00	330.03	0.06	32.99	12.95
9650.00	330.19	0.06	33.15	12.88
9700.00	330.35	0.06	33.31	12.80
9750.00	330.50	0.05	33.47	12.73
9800.00	330.66	0.05	33.63	12.66
9850.00	330.83	0.05	33.78	12.58
9900.00	331.04	0.05	33.91	12.49
9950.00	331.25	0.05	34.04	12.40
10000.00	331.46	0.04	34.16	12.31
10050.00	331.67	0.04	34.29	12.22
10100.00	331.88	0.04	34.41	12.13
10150.00	332.09	0.04	34.54	12.05
10200.00	332.30	0.04	34.66	11.96
10250.00	332.50	0.04	34.79	11.87
10300.00	332.71	0.04	34.92	11.78
10350.00	332.92	0.03	35.04	11.69
10400.00	333.13	0.03	35.17	11.60
10450.00	333.34	0.03	35.29	11.51
10500.00	333.58	0.03	35.42	11.44
10550.00	333.86	0.03	35.56	11.39
10600.00	334.14	0.03	35.69	11.35
10650.00	334.42	0.03	35.82	11.30
10700.00	334.70	0.03	35.96	11.25
10750.00	334.98	0.03	36.09	11.20
10800.00	335.26	0.03	36.23	11.16
10850.00	335.54	0.02	36.36	11.11
10900.00	335.82	0.02	36.50	11.06
10950.00	336.10	0.02	36.63	11.02
11000.00	336.38	0.02	36.76	10.97
11050.00	336.66	0.02	36.90	10.92
11100.00	336.95	0.02	37.03	10.87
11150.00	337.30	0.02	37.16	10.86
11200.00	337.69	0.02	37.28	10.85
11250.00	338.09	0.02	37.40	10.85
11300.00	338.48	0.02	37.52	10.85
11350.00	338.87	0.02	37.64	10.84
11400.00	339.26	0.02	37.76	10.84
11450.00	339.66	0.02	37.88	10.84
11500.00	340.05	0.02	38.00	10.83
11550.00	340.44	0.02	38.12	10.83
11600.00	340.84	0.02	38.24	10.83
11650.00	341.23	0.02	38.37	10.82
11700.00	341.62	0.02	38.49	10.82
11750.00	342.05	0.02	38.59	10.81
11800.00	342.73	0.02	38.59	10.74
11850.00	343.41	0.02	38.58	10.67
11900.00	344.09	0.01	38.57	10.60
11950.00	344.77	0.01	38.57	10.53
12000.00	345.45	0.01	38.56	10.47
12050.00	346.13	0.01	38.56	10.40
12100.00	346.81	0.01	38.55	10.33
12150.00	347.49	0.01	38.55	10.26
12200.00	348.18	0.01	38.54	10.19
12250.00	348.86	0.01	38.54	10.12
12300.00	349.54	0.01	38.53	10.06
12350.00	350.22	0.01	38.52	9.99
12400.00	351.09	0.01	38.32	9.88
12450.00	352.05	0.01	38.03	9.76
12500.00	353.01	0.01	37.73	9.64
12550.00	353.97	0.01	37.44	9.52
12600.00	354.93	0.01	37.15	9.40
12650.00	355.89	0.01	36.85	9.28
12700.00	356.85	0.01	36.56	9.16
12750.00	357.81	0.01	36.27	9.04
12800.00	358.77	0.01	35.97	8.92
12850.00	359.73	0.01	35.68	8.80
12900.00	360.69	0.01	35.39	8.68
12950.00	361.65	0.01	35.09	8.56
13000.00	362.62	0.01	34.74	8.48
13050.00	363.61	0.01	34.18	8.53
13100.00	364.61	0.01	33.63	8.58
13150.00	365.61	0.01	33.08	8.63
13200.00	366.60	0.01	32.53	8.68
13250.00	367.60	0.01	31.98	8.73
13300.00	368.59	0.01	31.42	8.78
13350.00	369.59	0.01	30.87	8.83
13400.00	370.58	0.01	30.32	8.88
13450.00	371.58	0.01	29.77	8.93
13500.00	372.57	0.01	29.22	8.98
13550.00	373.57	0.01	28.66	9.03
13600.00	374.56	0.01	28.11	9.07
13650.00	375.40	0.01	27.73	9.16
13700.00	376.18	0.00	27.42	9.26
13750.00	376.96	0.00	27.10	9.37
13800.00	377.74	0.00	26.78	9.47
13850.00	378.53	0.00	26.46	9.57
13900.00	379.31	0.00	26.15	9.67
13950.00	380.09	0.00	25.83	9.77
14000.00	380.87	0.00	25.51	9.88
14050.00	381.65	0.00	25.20	9.98
14100.00	382.43	0.00	24.88	10.08
14150.00	383.21	0.00	24.56	10.18
14200.00	383.99	0.00	24.24	10.28
14250.00	384.78	0.00	23.99	10.34
14300.00	385.57	0.00	23.95	10.25
14350.00	386.36	0.00	23.92	10.16
14400.00	387.15	0.00	23.89	10.07
14450.00	387.94	0.00	23.85	9.98
14500.00	388.73	0.00	23.82	9.88
14550.00	389.52	0.00	23.79	9.79
14600.00	390.32	0.00	23.75	9.70
14650.00	391.11	0.00	23.72	9.61
14700.00	391.90	0.00	23.69	9.51
14750.00	392.69	0.00	23.65	9.42
14800.00	393.48	0.00	23.62	9.33
14850.00	394.27	0.00	23.59	9.24
14900.00	395.14	0.00	23.52	9.10
14950.00	396.05	0.00	23.44	8.95
15000.00	396.95	0.00	23.37	8.79
15050.00	397.86	0.00	23.29	8.64
15100.00	398.76	0.00	23.21	8.48
15150.00	399.66	0.00	23.13	8.33
15200.00	400.57	0.00	23.05	8.17
15250.00	401.47	0.00	22.97	8.02
15300.00	402.38	0.00	22.89	7.86
15350.00	403.28	0.00	22.81	7.71
15400.00	404.19	0.00	22.74	7.55
15450.00	405.09	0.00	22.66	7.40
15500.00	405.98	0.00	22.56	7.26
15550.00	406.84	0.00	22.37	7.15
15600.00	407.69	0.00	22.19	7.05
15650.00	408.55	0.00	22.01	6.95
15700.00	409.40	0.00	21.83	6.84
15750.00	410.26	0.00	21.65	6.74
15800.00	411.11	0.00	21.47	6.64
15850.00	411.97	0.00	21.29	6.53
15900.00	412.82	0.00	21.11	6.43
15950.00	413.68	0.00	20.93	6.33
16000.00	414.53	0.00	20.75	6.23
16050.00	415.39	0.00	20.57	6.12
16100.00	416.24	0.00	20.38	6.02
16150.00	416.88	0.00	20.15	5.97
16200.00	417.45	0.00	19.89	5.95
16250.00	418.01	0.00	19.63	5.92
16300.00	418.58	0.00	19.37	5.90
16350.00	419.14	0.00	19.12	5.87
16400.00	419.71	0.00	18.86	5.84
16450.00	420.27	0.00	18.60	5.82
16500.00	420.84	0.00	18.34	5.79
16550.00	421.41	0.00	18.09	5.77
16600.00	421.97	0.00	17.83	5.74
16650.00	422.54	0.00	17.57	5.71
16700.00	423.10	0.00	17.31	5.69
16750.00	423.62	0.00	17.13	5.67
16800.00	424.04	0.00	17.07	5.66
16850.00	424.46	0.00	17.02	5.66
16900.00	424.88	0.00	16.96	5.65
16950.00	425.30	0.00	16.90	5.65
17000.00	425.73	0.00	16.85	5.64
17050.00	426.15	0.00	16.79	5.64
17100.00	426.57	0.00	16.73	5.63
17150.00	426.99	0.00	16.68	5.63
17200.00	427.41	0.00	16.62	5.63
17250.00	427.83	0.00	16.56	5.62
17300.00	428.26	0.00	16.51	5.62
17350.00	428.75	0.00	16.47	5.57
17400.00	429.64	0.00	16.54	5.30
17450.00	430.53	0.00	16.60	5.02
17500.00	431.42	0.00	16.67	4.75
17550.00	432.31	0.00	16.74	4.47
17600.00	433.20	0.00	16.80	4.20
17650.00	434.09	0.00	16.87	3.92
17700.00	434.98	0.00	16.94	3.65
17750.00	435.87	0.00	17.00	3.37
17800.00	436.76	0.00	17.07	3.10
17850.00	437.65	0.00	17.14	2.83
17900.00	438.54	0.00	17.20	2.55
17950.00	439.45	0.00	17.25	2.26
18000.00	440.79	0.00	16.85	1.67
18050.00	442.13	0.00	16.44	1.08
18100.00	443.47	0.00	16.04	0.48
18150.00	444.81	0.00	15.63	-0.11
18200.00	446.15	0.00	15.23	-0.70
18250.00	447.50	0.00	14.82	-1.30
18300.00	448.84	0.00	14.42	-1.89
18350.00	450.18	0.00	14.01	-2.48
18400.00	451.52	0.00	13.61	-3.07
18450.00	452.86	0.00	13.20	-3.67
18500.00	454.20	0.00	12.80	-4.26
18550.00	455.54	0.00	12.39	-4.85
18600.00	456.39	0.00	11.65	-4.83
18650.00	457.18	0.00	10.88	-4.75
18700.00	457.98	0.00	10.11	-4.66
18750.00	458.77	0.00	9.33	-4.58
18800.00	459.57	0.00	8.56	-4.50
18850.00	460.36	0.00	7.79	-4.42
18900.00	461.16	0.00	7.01	-4.33
18950.00	461.96	0.00	6.24	-4.25
19000.00	462.75	0.00	5.47	-4.17
19050.00	463.55	0.00	4.69	-4.08
19100.00	464.34	0.00	3.92	-4.00
19150.00	465.14	0.00	3.15	-3.92
19200.00	466.21	0.00	2.80	-3.58
19250.00	467.37	0.00	2.58	-3.18
19300.00	468.52	0.00	2.37	-2.77
19350.00	469.68	0.00	2.15	-2.37
19400.00	470.84	0.00	1.93	-1.96
19450.00	471.99	0.00	1.71	-1.56
19500.00	473.15	0.00	1.49	-1.15
19550.00	474.31	0.00	1.28	-0.74
19600.00	475.46	0.00	1.06	-0.34
19650.00	476.62	0.00	0.84	0.07
19700.00	477.78	0.00	0.62	0.47
19750.00	478.93	0.00	0.41	0.88
19800.00	480.23	0.00	0.27	1.03
19850.00	481.60	0.00	0.18	1.06
19900.00	482.97	0.00	0.09	1.08
19950.00	484.33	0.00	-0.00	1.11
20000.00	485.70	0.00	-0.09	1.14
20050.00	487.07	0.00	-0.18	1.17
26050.00	487.07	0.00	-0.18	1.17
