965.91	304.58	16.35
0.00	304.58	16.35	6.90	5.04
50.00	304.56	16.27	6.77	4.26
100.00	304.52	16.11	7.10	4.59
150.00	304.51	16.04	7.24	4.78
200.00	304.50	15.99	7.33	4.93
250.00	304.50	15.94	7.41	5.06
300.00	304.50	15.90	7.46	5.18
350.00	304.50	15.87	7.50	5.31
400.00	304.50	15.83	7.54	5.43
450.00	304.51	15.79	7.57	5.57
500.00	304.51	15.75	7.60	5.70
550.00	304.52	15.70	7.63	5.85
600.00	304.54	15.63	7.65	6.03
650.00	304.56	15.55	7.68	6.21
700.00	304.58	15.48	7.70	6.39
750.00	304.62	15.36	7.72	6.59
800.00	304.68	15.20	7.73	6.82
850.00	304.73	15.04	7.74	7.05
900.00	304.79	14.88	7.75	7.28
950.00	304.84	14.71	7.76	7.51
1000.00	304.96	14.45	7.78	7.69
1050.00	305.07	14.18	7.80	7.87
1100.00	305.18	13.91	7.82	8.05
1150.00	305.29	13.64	7.84	8.23
1200.00	305.40	13.38	7.86	8.41
1250.00	305.49	13.17	7.92	8.58
1300.00	305.56	13.01	7.99	8.74
1350.00	305.63	12.86	8.07	8.90
1400.00	305.70	12.70	8.15	9.06
1450.00	305.78	12.54	8.22	9.22
1500.00	305.85	12.38	8.30	9.38
1550.00	305.92	12.22	8.39	9.54
1600.00	306.01	12.03	8.53	9.69
1650.00	306.09	11.85	8.67	9.85
1700.00	306.18	11.66	8.81	10.01
1750.00	306.27	11.47	8.95	10.17
1800.00	306.35	11.29	9.09	10.33
1850.00	306.44	11.10	9.24	10.48
1900.00	306.53	10.91	9.38	10.64
1950.00	306.64	10.68	9.59	10.78
2000.00	306.75	10.45	9.83	10.92
2050.00	306.87	10.21	10.06	11.06
2100.00	306.98	9.97	10.29	11.20
2150.00	307.10	9.73	10.52	11.34
2200.00	307.21	9.49	10.76	11.47
2250.00	307.33	9.25	10.99	11.61
2300.00	307.44	9.01	11.22	11.75
2350.00	307.72	8.55	11.56	11.79
2400.00	308.17	7.85	12.00	11.73
2450.00	308.62	7.15	12.45	11.67
2500.00	309.07	6.45	12.90	11.61
2550.00	309.52	5.75	13.34	11.56
2600.00	309.96	5.05	13.79	11.50
2650.00	310.41	4.35	14.23	11.44
2700.00	310.86	3.65	14.68	11.38
2750.00	311.31	2.96	15.12	11.32
2800.00	311.68	2.41	15.48	11.29
2850.00	311.83	2.32	15.58	11.34
2900.00	311.99	2.23	15.68	11.39
2950.00	312.14	2.14	15.79	11.44
3000.00	312.30	2.05	15.89	11.48
3050.00	312.45	1.96	15.99	11.53
3100.00	312.61	1.87	16.09	11.58
3150.00	312.76	1.78	16.19	11.63
3200.00	312.91	1.69	16.29	11.68
3250.00	313.07	1.60	16.40	11.73
3300.00	313.21	1.53	16.47	11.77
3350.00	313.27	1.51	16.42	11.80
3400.00	313.33	1.50	16.37	11.83
3450.00	313.40	1.49	16.33	11.86
3500.00	313.46	1.48	16.28	11.89
3550.00	313.53	1.47	16.23	11.92
3600.00	313.59	1.46	16.18	11.95
3650.00	313.65	1.45	16.14	11.98
3700.00	313.72	1.43	16.09	12.01
3750.00	313.78	1.42	16.04	12.04
3800.00	313.84	1.41	15.99	12.07
3850.00	313.92	1.40	16.02	12.09
3900.00	314.02	1.39	16.24	12.10
3950.00	314.12	1.38	16.45	12.12
4000.00	314.22	1.36	16.66	12.13
4050.00	314.32	1.35	16.87	12.14
4100.00	314.42	1.34	17.08	12.16
4150.00	314.52	1.33	17.29	12.17
4200.00	314.62	1.31	17.50	12.18
4250.00	314.71	1.30	17.71	12.20
4300.00	314.81	1.29	17.92	12.21
4350.00	314.91	1.28	18.13	12.22
4400.00	315.01	1.26	18.34	12.24
4450.00	315.15	1.26	18.68	12.30
4500.00	315.31	1.26	19.13	12.41
4550.00	315.47	1.26	19.58	12.53
4600.00	315.63	1.27	20.03	12.64
4650.00	315.80	1.27	20.48	12.75
4700.00	315.96	1.27	20.93	12.86
4750.00	316.12	1.27	21.39	12.98
4800.00	316.28	1.27	21.84	13.09
4850.00	316.45	1.28	22.29	13.20
4900.00	316.61	1.28	22.74	13.31
4950.00	316.77	1.28	23.19	13.43
5000.00	316.93	1.28	23.64	13.54
5050.00	317.10	1.29	24.09	13.65
5100.00	317.25	1.28	24.44	13.75
5150.00	317.41	1.28	24.78	13.84
5200.00	317.57	1.27	25.11	13.94
5250.00	317.72	1.27	25.45	14.03
5300.00	317.88	1.26	25.78	14.13
5350.00	318.04	1.26	26.12	14.23
5400.00	318.19	1.25	26.46	14.32
5450.00	318.35	1.25	26.79	14.42
5500.00	318.51	1.24	27.13	14.51
5550.00	318.66	1.23	27.46	14.61
5600.00	318.82	1.23	27.80	14.70
5650.00	318.98	1.22	28.13	14.80
5700.00	319.13	1.22	28.47	14.89
5750.00	319.29	1.21	28.78	14.99
5800.00	319.41	1.19	28.85	15.03
5850.00	319.54	1.17	28.92	15.08
5900.00	319.66	1.14	28.99	15.13
5950.00	319.78	1.12	29.06	15.18
6000.00	319.91	1.10	29.12	15.23
6050.00	320.03	1.07	29.19	15.28
6100.00	320.15	1.05	29.26	15.33
6150.00	320.28	1.03	29.33	15.38
6200.00	320.40	1.01	29.39	15.43
6250.00	320.53	0.98	29.46	15.48
6300.00	320.65	0.96	29.53	15.53
6350.00	320.77	0.94	29.60	15.58
6400.00	320.90	0.91	29.66	15.62
6450.00	321.02	0.89	29.73	15.67
6500.00	321.15	0.86	29.70	15.70
6550.00	321.29	0.83	29.66	15.73
6600.00	321.43	0.81	29.61	15.76
6650.00	321.56	0.78	29.57	15.79
6700.00	321.70	0.75	29.52	15.82
6750.00	321.83	0.72	29.48	15.85
6800.00	321.97	0.69	29.43	15.87
6850.00	322.10	0.66	29.39	15.90
6900.00	322.24	0.64	29.34	15.93
6950.00	322.37	0.61	29.30	15.96
7000.00	322.51	0.58	29.25	15.99
7050.00	322.64	0.55	29.21	16.01
7100.00	322.78	0.52	29.16	16.04
7150.00	322.91	0.49	29.12	16.07
7200.00	323.05	0.48	29.11	16.08
7250.00	323.20	0.46	29.12	16.08
7300.00	323.34	0.44	29.12	16.09
7350.00	323.48	0.42	29.13	16.09
7400.00	323.63	0.41	29.13	16.10
7450.00	323.77	0.39	29.14	16.10
7500.00	323.91	0.37	29.14	16.11
7550.00	324.05	0.36	29.15	16.11
7600.00	324.20	0.34	29.15	16.12
7650.00	324.34	0.32	29.16	16.12
7700.00	324.48	0.31	29.16	16.13
7750.00	324.63	0.29	29.17	16.13
7800.00	324.77	0.27	29.17	16.14
7850.00	324.91	0.25	29.18	16.14
7900.00	325.05	0.25	29.28	16.12
7950.00	325.20	0.24	29.38	16.10
8000.00	325.34	0.23	29.47	16.08
8050.00	325.48	0.22	29.57	16.06
8100.00	325.63	0.21	29.67	16.04
8150.00	325.77	0.21	29.76	16.02
8200.00	325.91	0.20	29.86	16.00
8250.00	326.05	0.19	29.96	15.98
8300.00	326.20	0.18	30.05	15.96
8350.00	326.34	0.17	30.15	15.94
8400.00	326.48	0.16	30.25	15.92
8450.00	326.63	0.16	30.34	15.90
8500.00	326.77	0.15	30.44	15.88
8550.00	326.91	0.14	30.57	15.85
8600.00	327.05	0.14	30.73	15.82
8650.00	327.20	0.13	30.89	15.78
8700.00	327.34	0.13	31.05	15.75
8750.00	327.48	0.12	31.21	15.71
8800.00	327.62	0.12	31.37	15.68
8850.00	327.76	0.11	31.53	15.64
8900.00	327.91	0.11	31.69	15.61
8950.00	328.05	0.10	31.85	15.57
9000.00	328.19	0.10	32.01	15.54
9050.00	328.33	0.09	32.17	15.50
9100.00	328.47	0.09	32.33	15.47
9150.00	328.61	0.09	32.49	15.43
9200.00	328.76	0.08	32.65	15.39
9250.00	328.92	0.08	32.81	15.31
9300.00	329.08	0.08	32.98	15.24
9350.00	329.24	0.07	33.14	15.16
9400.00	329.39	0.07	33.30	15.09
9450.00	329.55	0.07	33.46	15.01
9500.00	329.71	0.07	33.62	14.94
9550.00	329.87	0.06	33.78	14.87
9600.00	330.03	0.06	33.94	14.79
9650.00	330.19	0.06	34.10	14.72
9700.00	330.35	0.06	34.26	14.64
9750.00	330.50	0.05	34.42	14.57
9800.00	330.66	0.05	34.58	14.50
9850.00	330.83	0.05	34.73	14.42
9900.00	331.04	0.05	34.86	14.33
9950.00	331.25	0.05	34.99	14.24
10000.00	331.46	0.04	35.11	14.15
10050.00	331.67	0.04	35.24	14.06
10100.00	331.88	0.04	35.36	13.97
10150.00	332.09	0.04	35.49	13.89
10200.00	332.30	0.04	35.61	13.80
10250.00	332.50	0.04	35.74	13.71
10300.00	332.71	0.04	35.87	13.62
10350.00	332.92	0.03	35.99	13.53
10400.00	333.13	0.03	36.12	13.44
10450.00	333.34	0.03	36.24	13.35
10500.00	333.58	0.03	36.37	13.28
10550.00	333.86	0.03	36.51	13.23
10600.00	334.14	0.03	36.64	13.19
10650.00	334.42	0.03	36.77	13.14
10700.00	334.70	0.03	36.91	13.09
10750.00	334.98	0.03	37.04	13.04
10800.00	335.26	0.03	37.18	13.00
10850.00	335.54	0.02	37.31	12.95
10900.00	335.82	0.02	37.45	12.90
10950.00	336.10	0.02	37.58	12.86
11000.00	336.38	0.02	37.71	12.81
11050.00	336.66	0.02	37.85	12.76
11100.00	336.95	0.02	37.98	12.71
11150.00	337.30	0.02	38.11	12.70
11200.00	337.69	0.02	38.23	12.69
11250.00	338.09	0.02	38.35	12.69
11300.00	338.48	0.02	38.47	12.69
11350.00	338.87	0.02	38.59	12.68
11400.00	339.26	0.02	38.71	12.68
11450.00	339.66	0.02	38.83	12.68
11500.00	340.05	0.02	38.95	12.67
11550.00	340.44	0.02	39.07	12.67
11600.00	340.84	0.02	39.19	12.67
11650.00	341.23	0.02	39.32	12.66
11700.00	341.62	0.02	39.44	12.66
11750.00	342.05	0.02	39.54	12.65
11800.00	342.73	0.02	39.54	12.58
11850.00	343.41	0.02	39.53	12.51
11900.00	344.09	0.01	39.52	12.44
11950.00	344.77	0.01	39.52	12.37
12000.00	345.45	0.01	39.51	12.31
12050.00	346.13	0.01	39.51	12.24
12100.00	346.81	0.01	39.50	12.17
12150.00	347.49	0.01	39.50	12.10
12200.00	348.18	0.01	39.49	12.03
12250.00	348.86	0.01	39.49	11.96
12300.00	349.54	0.01	39.48	11.90
12350.00	350.22	0.01	39.47	11.83
12400.00	351.09	0.01	39.27	11.72
12450.00	352.05	0.01	38.98	11.60
12500.00	353.01	0.01	38.68	11.48
12550.00	353.97	0.01	38.39	11.36
12600.00	354.93	0.01	38.10	11.24
12650.00	355.89	0.01	37.80	11.12
12700.00	356.85	0.01	37.51	11.00
12750.00	357.81	0.01	37.22	10.88
12800.00	358.77	0.01	36.92	10.76
12850.00	359.73	0.01	36.63	10.64
12900.00	360.69	0.01	36.34	10.52
12950.00	361.65	0.01	36.04	10.40
13000.00	362.62	0.01	35.69	10.32
13050.00	363.61	0.01	35.13	10.37
13100.00	364.61	0.01	34.58	10.42
13150.00	365.61	0.01	34.03	10.47
13200.00	366.60	0.01	33.48	10.52
13250.00	367.60	0.01	32.93	10.57
13300.00	368.59	0.01	32.37	10.62
13350.00	369.59	0.01	31.82	10.67
13400.00	370.58	0.01	31.27	10.72
13450.00	371.58	0.01	30.72	10.77
13500.00	372.57	0.01	30.17	10.82
13550.00	373.57	0.01	29.61	10.87
13600.00	374.56	0.01	29.06	10.91
13650.00	375.40	0.01	28.68	11.00
13700.00	376.18	0.00	28.37	11.10
13750.00	376.96	0.00	28.05	11.21
13800.00	377.74	0.00	27.73	11.31
13850.00	378.53	0.00	27.41	11.41
13900.00	379.31	0.00	27.10	11.51
13950.00	380.09	0.00	26.78	11.61
14000.00	380.87	0.00	26.46	11.72
14050.00	381.65	0.00	26.15	11.82
14100.00	382.43	0.00	25.83	11.92
14150.00	383.21	0.00	25.51	12.02
14200.00	383.99	0.00	25.19	12.12
14250.00	384.78	0.00	24.94	12.18
14300.00	385.57	0.00	24.90	12.09
14350.00	386.36	0.00	24.87	12.00
14400.00	387.15	0.00	24.84	11.91
14450.00	387.94	0.00	24.80	11.82
14500.00	388.73	0.00	24.77	11.72
14550.00	389.52	0.00	24.74	11.63
14600.00	390.32	0.00	24.70	11.54
14650.00	391.11	0.00	24.67	11.45
14700.00	391.90	0.00	24.64	11.35
14750.00	392.69	0.00	24.60	11.26
14800.00	393.48	0.00	24.57	11.17
14850.00	394.27	0.00	24.54	11.08
14900.00	395.14	0.00	24.47	10.94
14950.00	396.05	0.00	24.39	10.79
15000.00	396.95	0.00	24.32	10.63
15050.00	397.86	0.00	24.24	10.48
15100.00	398.76	0.00	24.16	10.32
15150.00	399.66	0.00	24.08	10.17
15200.00	400.57	0.00	24.00	10.01
15250.00	401.47	0.00	23.92	9.86
15300.00	402.38	0.00	23.84	9.70
15350.00	403.28	0.00	23.76	9.55
15400.00	404.19	0.00	23.69	9.39
15450.00	405.09	0.00	23.61	9.24
15500.00	405.98	0.00	23.51	9.10
15550.00	406.84	0.00	23.32	8.99
15600.00	407.69	0.00	23.14	8.89
15650.00	408.55	0.00	22.96	8.79
15700.00	409.40	0.00	22.78	8.68
15750.00	410.26	0.00	22.60	8.58
15800.00	411.11	0.00	22.42	8.48
15850.00	411.97	0.00	22.24	8.37
15900.00	412.82	0.00	22.06	8.27
15950.00	413.68	0.00	21.88	8.17
16000.00	414.53	0.00	21.70	8.07
16050.00	415.39	0.00	21.52	7.96
16100.00	416.24	0.00	21.33	7.86
16150.00	416.88	0.00	21.10	7.81
16200.00	417.45	0.00	20.84	7.79
16250.00	418.01	0.00	20.58	7.76
16300.00	418.58	0.00	20.32	7.74
16350.00	419.14	0.00	20.07	7.71
16400.00	419.71	0.00	19.81	7.68
16450.00	420.27	0.00	19.55	7.66
16500.00	420.84	0.00	19.29	7.63
16550.00	421.41	0.00	19.04	7.61
16600.00	421.97	0.00	18.78	7.58
16650.00	422.54	0.00	18.52	7.55
16700.00	423.10	0.00	18.26	7.53
16750.00	423.62	0.00	18.08	7.51
16800.00	424.04	0.00	18.02	7.50
16850.00	424.46	0.00	17.97	7.50
16900.00	424.88	0.00	17.91	7.49
16950.00	425.30	0.00	17.85	7.49
17000.00	425.73	0.00	17.80	7.48
17050.00	426.15	0.00	17.74	7.48
17100.00	426.57	0.00	17.68	7.47
17150.00	426.99	0.00	17.63	7.47
17200.00	427.41	0.00	17.57	7.47
17250.00	427.83	0.00	17.51	7.46
17300.00	428.26	0.00	17.46	7.46
17350.00	428.75	0.00	17.42	7.41
17400.00	429.64	0.00	17.49	7.14
17450.00	430.53	0.00	17.55	6.86
17500.00	431.42	0.00	17.62	6.59
17550.00	432.31	0.00	17.69	6.31
17600.00	433.20	0.00	17.75	6.04
17650.00	434.09	0.00	17.82	5.76
17700.00	434.98	0.00	17.89	5.49
17750.00	435.87	0.00	17.95	5.21
17800.00	436.76	0.00	18.02	4.94
17850.00	437.65	0.00	18.09	4.67
17900.00	438.54	0.00	18.15	4.39
17950.00	439.45	0.00	18.20	4.10
18000.00	440.79	0.00	17.80	3.51
18050.00	442.13	0.00	17.39	2.92
18100.00	443.47	0.00	16.99	2.32
18150.00	444.81	0.00	16.58	1.73
18200.00	446.15	0.00	16.18	1.14
18250.00	447.50	0.00	15.77	0.54
18300.00	448.84	0.00	15.37	-0.05
18350.00	450.18	0.00	14.96	-0.64
18400.00	451.52	0.00	14.56	-1.23
18450.00	452.86	0.00	14.15	-1.83
18500.00	454.20	0.00	13.75	-2.42
18550.00	455.54	0.00	13.34	-3.01
18600.00	456.39	0.00	12.60	-2.99
18650.00	457.18	0.00	11.83	-2.91
18700.00	457.98	0.00	11.06	-2.82
18750.00	458.77	0.00	10.28	-2.74
18800.00	459.57	0.00	9.51	-2.66
18850.00	460.36	0.00	8.74	-2.58
18900.00	461.16	0.00	7.96	-2.49
18950.00	461.96	0.00	7.19	-2.41
19000.00	462.75	0.00	6.42	-2.33
19050.00	463.55	0.00	5.64	-2.24
19100.00	464.34	0.00	4.87	-2.16
19150.00	465.14	0.00	4.10	-2.08
19200.00	466.21	0.00	3.75	-1.74
19250.00	467.37	0.00	3.53	-1.34
19300.00	468.52	0.00	3.32	-0.93
19350.00	469.68	0.00	3.10	-0.53
19400.00	470.84	0.00	2.88	-0.12
19450.00	471.99	0.00	2.66	0.28
19500.00	473.15	0.00	2.44	0.69
19550.00	474.31	0.00	2.23	1.10
19600.00	475.46	0.00	2.01	1.50
19650.00	476.62	0.00	1.79	1.91
19700.00	477.78	0.00	1.57	2.31
19750.00	478.93	0.00	1.36	2.72
19800.00	480.23	0.00	1.22	2.87
19850.00	481.60	0.00	1.13	2.90
19900.00	482.97	0.00	1.04	2.92
19950.00	484.33	0.00	0.95	2.95
20000.00	485.70	0.00	0.86	2.98
20050.00	487.07	0.00	0.77	3.01
