961.48	304.85	16.10
0.00	304.85	16.10	4.29	7.99
50.00	304.82	16.00	4.82	6.63
100.00	304.77	15.81	5.20	7.20
150.00	304.75	15.72	5.38	7.51
200.00	304.74	15.65	5.52	7.78
250.00	304.73	15.58	5.65	8.03
300.00	304.73	15.52	5.76	8.26
350.00	304.73	15.46	5.86	8.48
400.00	304.73	15.40	5.96	8.70
450.00	304.74	15.34	6.05	8.91
500.00	304.74	15.29	6.15	9.11
550.00	304.75	15.22	6.25	9.34
600.00	304.77	15.13	6.37	9.58
650.00	304.79	15.04	6.49	9.83
700.00	304.81	14.96	6.61	10.08
750.00	304.86	14.79	6.78	10.37
800.00	304.93	14.56	6.98	10.68
850.00	305.00	14.34	7.18	10.99
900.00	305.07	14.12	7.39	11.30
950.00	305.14	13.89	7.59	11.61
1000.00	305.24	13.63	7.88	11.89
1050.00	305.35	13.37	8.17	12.16
1100.00	305.45	13.12	8.46	12.44
1150.00	305.55	12.86	8.74	12.71
1200.00	305.65	12.60	9.03	12.99
1250.00	305.73	12.40	9.27	13.16
1300.00	305.81	12.23	9.48	13.28
1350.00	305.88	12.07	9.69	13.40
1400.00	305.96	11.90	9.91	13.52
1450.00	306.04	11.73	10.12	13.64
1500.00	306.11	11.56	10.33	13.75
1550.00	306.20	11.38	10.55	13.85
1600.00	306.30	11.17	10.81	13.92
1650.00	306.41	10.95	11.06	13.98
1700.00	306.51	10.74	11.32	14.04
1750.00	306.62	10.53	11.57	14.10
1800.00	306.72	10.31	11.83	14.16
1850.00	306.83	10.10	12.08	14.22
1900.00	306.93	9.89	12.34	14.28
1950.00	307.17	9.53	12.59	14.28
2000.00	307.41	9.16	12.83	14.26
2050.00	307.65	8.79	13.08	14.25
2100.00	307.89	8.42	13.33	14.24
2150.00	308.13	8.05	13.58	14.23
2200.00	308.37	7.68	13.82	14.22
2250.00	308.61	7.31	14.07	14.21
2300.00	308.85	6.94	14.32	14.19
2350.00	309.12	6.59	14.54	14.21
2400.00	309.42	6.26	14.75	14.24
2450.00	309.71	5.93	14.96	14.28
2500.00	310.00	5.59	15.17	14.31
2550.00	310.29	5.26	15.38	14.34
2600.00	310.59	4.93	15.58	14.37
2650.00	310.88	4.60	15.79	14.41
2700.00	311.17	4.27	16.00	14.44
2750.00	311.46	3.93	16.21	14.47
2800.00	311.70	3.69	16.33	14.52
2850.00	311.87	3.55	16.34	14.58
2900.00	312.04	3.40	16.35	14.63
2950.00	312.21	3.26	16.37	14.69
3000.00	312.38	3.12	16.38	14.75
3050.00	312.54	2.98	16.39	14.81
3100.00	312.71	2.83	16.41	14.87
3150.00	312.88	2.69	16.42	14.93
3200.00	313.05	2.55	16.43	14.99
3250.00	313.22	2.41	16.45	15.05
3300.00	313.35	2.33	16.44	15.05
3350.00	313.43	2.33	16.41	14.96
3400.00	313.51	2.33	16.38	14.88
3450.00	313.59	2.34	16.35	14.80
3500.00	313.67	2.34	16.32	14.72
3550.00	313.75	2.34	16.29	14.63
3600.00	313.83	2.35	16.25	14.55
3650.00	313.91	2.35	16.22	14.47
3700.00	313.99	2.35	16.19	14.39
3750.00	314.07	2.36	16.16	14.31
3800.00	314.15	2.36	16.13	14.22
3850.00	314.24	2.36	16.19	14.07
3900.00	314.33	2.37	16.31	13.87
3950.00	314.42	2.38	16.43	13.66
4000.00	314.51	2.39	16.55	13.46
4050.00	314.60	2.40	16.67	13.25
4100.00	314.69	2.41	16.79	13.04
4150.00	314.78	2.41	16.91	12.84
4200.00	314.86	2.42	17.03	12.63
4250.00	314.95	2.43	17.15	12.43
4300.00	315.04	2.44	17.28	12.22
4350.00	315.13	2.45	17.40	12.02
4400.00	315.22	2.46	17.52	11.81
4450.00	315.34	2.39	17.82	11.87
4500.00	315.47	2.30	18.16	11.98
4550.00	315.59	2.22	18.50	12.09
4600.00	315.72	2.13	18.84	12.20
4650.00	315.85	2.05	19.17	12.31
4700.00	315.97	1.96	19.51	12.42
4750.00	316.10	1.88	19.85	12.52
4800.00	316.22	1.79	20.19	12.63
4850.00	316.35	1.71	20.53	12.74
4900.00	316.48	1.62	20.86	12.85
4950.00	316.60	1.54	21.20	12.96
5000.00	316.73	1.45	21.54	13.07
5050.00	316.86	1.38	21.89	13.17
5100.00	317.03	1.37	22.29	13.28
5150.00	317.19	1.35	22.69	13.39
5200.00	317.36	1.34	23.08	13.49
5250.00	317.53	1.33	23.48	13.60
5300.00	317.69	1.31	23.88	13.71
5350.00	317.86	1.30	24.28	13.82
5400.00	318.03	1.29	24.68	13.92
5450.00	318.19	1.28	25.08	14.03
5500.00	318.36	1.26	25.48	14.14
5550.00	318.53	1.25	25.87	14.24
5600.00	318.69	1.24	26.27	14.35
5650.00	318.86	1.22	26.67	14.46
5700.00	319.03	1.21	27.07	14.56
5750.00	319.17	1.19	27.32	14.65
5800.00	319.29	1.18	27.45	14.72
5850.00	319.42	1.16	27.57	14.79
5900.00	319.54	1.14	27.69	14.85
5950.00	319.66	1.13	27.81	14.92
6000.00	319.78	1.11	27.93	14.99
6050.00	319.91	1.09	28.05	15.06
6100.00	320.03	1.07	28.17	15.13
6150.00	320.15	1.06	28.29	15.19
6200.00	320.27	1.04	28.41	15.26
6250.00	320.39	1.02	28.53	15.33
6300.00	320.52	1.00	28.65	15.40
6350.00	320.64	0.99	28.77	15.47
6400.00	320.76	0.97	28.89	15.53
6450.00	320.89	0.95	28.96	15.59
6500.00	321.01	0.92	28.95	15.64
6550.00	321.14	0.89	28.94	15.69
6600.00	321.27	0.86	28.93	15.74
6650.00	321.40	0.83	28.92	15.79
6700.00	321.53	0.80	28.91	15.84
6750.00	321.66	0.78	28.90	15.89
6800.00	321.79	0.75	28.89	15.94
6850.00	321.92	0.72	28.88	15.98
6900.00	322.05	0.69	28.87	16.03
6950.00	322.18	0.66	28.86	16.08
7000.00	322.31	0.63	28.84	16.13
7050.00	322.43	0.60	28.83	16.18
7100.00	322.56	0.57	28.82	16.23
7150.00	322.70	0.55	28.83	16.26
7200.00	322.85	0.53	28.87	16.27
7250.00	322.99	0.51	28.91	16.27
7300.00	323.14	0.49	28.95	16.28
7350.00	323.29	0.47	28.99	16.29
7400.00	323.44	0.45	29.03	16.29
7450.00	323.58	0.43	29.07	16.30
7500.00	323.73	0.41	29.11	16.31
7550.00	323.88	0.40	29.15	16.32
7600.00	324.02	0.38	29.19	16.32
7650.00	324.17	0.36	29.23	16.33
7700.00	324.32	0.34	29.27	16.34
7750.00	324.46	0.32	29.31	16.34
7800.00	324.61	0.30	29.35	16.35
7850.00	324.76	0.29	29.44	16.33
7900.00	324.91	0.28	29.55	16.29
7950.00	325.07	0.27	29.66	16.25
8000.00	325.22	0.26	29.76	16.21
8050.00	325.37	0.25	29.87	16.17
8100.00	325.53	0.24	29.98	16.13
8150.00	325.68	0.23	30.09	16.09
8200.00	325.83	0.22	30.19	16.05
8250.00	325.98	0.21	30.30	16.01
8300.00	326.14	0.20	30.41	15.97
8350.00	326.29	0.19	30.52	15.93
8400.00	326.44	0.18	30.62	15.89
8450.00	326.59	0.17	30.73	15.85
8500.00	326.74	0.16	30.84	15.81
8550.00	326.89	0.16	30.97	15.74
8600.00	327.04	0.15	31.10	15.68
8650.00	327.19	0.15	31.23	15.61
8700.00	327.34	0.14	31.35	15.54
8750.00	327.48	0.14	31.48	15.48
8800.00	327.63	0.13	31.61	15.41
8850.00	327.78	0.13	31.74	15.35
8900.00	327.93	0.12	31.86	15.28
8950.00	328.08	0.12	31.99	15.21
9000.00	328.22	0.11	32.12	15.15
9050.00	328.37	0.11	32.25	15.08
9100.00	328.52	0.10	32.37	15.02
9150.00	328.67	0.10	32.50	14.95
9200.00	328.84	0.09	32.65	14.88
9250.00	329.01	0.09	32.80	14.80
9300.00	329.18	0.09	32.95	14.73
9350.00	329.35	0.08	33.10	14.66
9400.00	329.53	0.08	33.25	14.58
9450.00	329.70	0.08	33.40	14.51
9500.00	329.87	0.07	33.54	14.44
9550.00	330.04	0.07	33.69	14.36
9600.00	330.21	0.07	33.84	14.29
9650.00	330.38	0.06	33.99	14.22
9700.00	330.56	0.06	34.14	14.14
9750.00	330.73	0.06	34.29	14.07
9800.00	330.90	0.05	34.44	14.00
9850.00	331.11	0.05	34.60	13.91
9900.00	331.33	0.05	34.76	13.82
9950.00	331.55	0.05	34.93	13.72
10000.00	331.77	0.05	35.09	13.63
10050.00	331.99	0.04	35.25	13.54
10100.00	332.21	0.04	35.41	13.45
10150.00	332.43	0.04	35.57	13.36
10200.00	332.64	0.04	35.74	13.27
10250.00	332.86	0.04	35.90	13.18
10300.00	333.08	0.04	36.06	13.09
10350.00	333.30	0.03	36.22	13.00
10400.00	333.52	0.03	36.39	12.91
10450.00	333.74	0.03	36.54	12.82
10500.00	334.03	0.03	36.66	12.76
10550.00	334.32	0.03	36.77	12.69
10600.00	334.61	0.03	36.89	12.63
10650.00	334.89	0.03	37.00	12.57
10700.00	335.18	0.03	37.12	12.50
10750.00	335.47	0.03	37.24	12.44
10800.00	335.76	0.03	37.35	12.38
10850.00	336.04	0.02	37.47	12.32
10900.00	336.33	0.02	37.58	12.25
10950.00	336.62	0.02	37.70	12.19
11000.00	336.91	0.02	37.81	12.13
11050.00	337.20	0.02	37.93	12.07
11100.00	337.55	0.02	38.02	12.04
11150.00	337.99	0.02	38.07	12.06
11200.00	338.44	0.02	38.13	12.08
11250.00	338.88	0.02	38.18	12.10
11300.00	339.33	0.02	38.23	12.12
11350.00	339.77	0.02	38.29	12.14
11400.00	340.22	0.02	38.34	12.17
11450.00	340.66	0.02	38.39	12.19
11500.00	341.11	0.02	38.45	12.21
11550.00	341.56	0.02	38.50	12.23
11600.00	342.00	0.02	38.56	12.25
11650.00	342.45	0.02	38.61	12.27
11700.00	342.89	0.02	38.66	12.29
11750.00	343.59	0.01	38.55	12.26
11800.00	344.34	0.01	38.41	12.21
11850.00	345.08	0.01	38.26	12.17
11900.00	345.83	0.01	38.12	12.13
11950.00	346.57	0.01	37.98	12.08
12000.00	347.32	0.01	37.84	12.04
12050.00	348.07	0.01	37.69	11.99
12100.00	348.81	0.01	37.55	11.95
12150.00	349.56	0.01	37.41	11.90
12200.00	350.30	0.01	37.26	11.86
12250.00	351.05	0.01	37.12	11.81
12300.00	351.79	0.01	36.98	11.77
12350.00	352.60	0.01	36.76	11.71
12400.00	353.52	0.01	36.41	11.63
12450.00	354.44	0.01	36.05	11.55
12500.00	355.35	0.01	35.70	11.47
12550.00	356.27	0.01	35.35	11.38
12600.00	357.19	0.01	35.00	11.30
12650.00	358.10	0.01	34.65	11.22
12700.00	359.02	0.01	34.30	11.14
12750.00	359.94	0.01	33.94	11.06
12800.00	360.85	0.01	33.59	10.97
12850.00	361.77	0.01	33.24	10.89
12900.00	362.69	0.01	32.89	10.81
12950.00	363.60	0.01	32.54	10.73
13000.00	364.46	0.01	32.08	10.76
13050.00	365.31	0.01	31.62	10.80
13100.00	366.16	0.01	31.15	10.84
13150.00	367.02	0.01	30.69	10.88
13200.00	367.87	0.01	30.22	10.93
13250.00	368.72	0.01	29.76	10.97
13300.00	369.57	0.01	29.29	11.01
13350.00	370.42	0.01	28.83	11.05
13400.00	371.27	0.01	28.36	11.10
13450.00	372.13	0.01	27.89	11.14
13500.00	372.98	0.01	27.43	11.18
13550.00	373.83	0.01	26.96	11.22
13600.00	374.65	0.01	26.59	11.25
13650.00	375.40	0.00	26.38	11.25
13700.00	376.16	0.00	26.17	11.24
13750.00	376.92	0.00	25.96	11.24
13800.00	377.68	0.00	25.74	11.24
13850.00	378.43	0.00	25.53	11.23
13900.00	379.19	0.00	25.32	11.23
13950.00	379.95	0.00	25.11	11.23
14000.00	380.70	0.00	24.90	11.22
14050.00	381.46	0.00	24.69	11.22
14100.00	382.22	0.00	24.48	11.22
14150.00	382.98	0.00	24.27	11.21
14200.00	383.73	0.00	24.06	11.21
14250.00	384.53	0.00	23.94	11.10
14300.00	385.34	0.00	23.84	10.96
14350.00	386.14	0.00	23.75	10.83
14400.00	386.95	0.00	23.65	10.70
14450.00	387.75	0.00	23.55	10.57
14500.00	388.56	0.00	23.45	10.43
14550.00	389.37	0.00	23.35	10.30
14600.00	390.17	0.00	23.26	10.17
14650.00	390.98	0.00	23.16	10.03
14700.00	391.78	0.00	23.06	9.90
14750.00	392.59	0.00	22.96	9.77
14800.00	393.40	0.00	22.87	9.64
14850.00	394.23	0.00	22.74	9.54
14900.00	395.10	0.00	22.56	9.51
14950.00	395.97	0.00	22.38	9.48
15000.00	396.84	0.00	22.20	9.45
15050.00	397.71	0.00	22.03	9.42
15100.00	398.58	0.00	21.85	9.39
15150.00	399.45	0.00	21.67	9.36
15200.00	400.32	0.00	21.49	9.34
15250.00	401.19	0.00	21.31	9.31
15300.00	402.06	0.00	21.13	9.28
15350.00	402.93	0.00	20.96	9.25
15400.00	403.80	0.00	20.78	9.22
15450.00	404.67	0.00	20.60	9.19
15500.00	405.36	0.00	20.45	9.22
15550.00	406.03	0.00	20.30	9.26
15600.00	406.70	0.00	20.16	9.31
15650.00	407.37	0.00	20.01	9.35
15700.00	408.04	0.00	19.86	9.39
15750.00	408.71	0.00	19.72	9.43
15800.00	409.38	0.00	19.57	9.47
15850.00	410.05	0.00	19.42	9.51
15900.00	410.72	0.00	19.28	9.55
15950.00	411.40	0.00	19.13	9.59
16000.00	412.07	0.00	18.98	9.63
16050.00	412.74	0.00	18.84	9.68
16100.00	413.33	0.00	18.78	9.68
16150.00	413.85	0.00	18.82	9.65
16200.00	414.37	0.00	18.85	9.62
16250.00	414.89	0.00	18.89	9.59
16300.00	415.42	0.00	18.92	9.56
16350.00	415.94	0.00	18.96	9.53
16400.00	416.46	0.00	19.00	9.50
16450.00	416.98	0.00	19.03	9.47
16500.00	417.50	0.00	19.07	9.44
16550.00	418.02	0.00	19.10	9.41
16600.00	418.54	0.00	19.14	9.38
16650.00	419.06	0.00	19.17	9.35
16700.00	419.63	0.00	19.23	9.32
16750.00	420.34	0.00	19.35	9.26
16800.00	421.05	0.00	19.46	9.20
16850.00	421.76	0.00	19.58	9.14
16900.00	422.47	0.00	19.70	9.08
16950.00	423.18	0.00	19.82	9.02
17000.00	423.89	0.00	19.93	8.96
17050.00	424.60	0.00	20.05	8.89
17100.00	425.31	0.00	20.17	8.83
17150.00	426.02	0.00	20.29	8.77
17200.00	426.73	0.00	20.41	8.71
17250.00	427.44	0.00	20.52	8.65
17300.00	428.17	0.00	20.63	8.58
17350.00	429.29	0.00	20.51	8.24
17400.00	430.41	0.00	20.39	7.90
17450.00	431.53	0.00	20.27	7.56
17500.00	432.65	0.00	20.15	7.23
17550.00	433.78	0.00	20.04	6.89
17600.00	434.90	0.00	19.92	6.55
17650.00	436.02	0.00	19.80	6.22
17700.00	437.14	0.00	19.68	5.88
17750.00	438.26	0.00	19.57	5.54
17800.00	439.38	0.00	19.45	5.21
17850.00	440.50	0.00	19.33	4.87
17900.00	441.62	0.00	19.21	4.53
17950.00	442.92	0.00	18.25	3.89
18000.00	444.23	0.00	17.23	3.24
18050.00	445.55	0.00	16.21	2.58
18100.00	446.86	0.00	15.20	1.93
18150.00	448.17	0.00	14.18	1.27
18200.00	449.48	0.00	13.16	0.62
18250.00	450.80	0.00	12.15	-0.04
18300.00	452.11	0.00	11.13	-0.70
18350.00	453.42	0.00	10.11	-1.35
18400.00	454.74	0.00	9.10	-2.01
18450.00	456.05	0.00	8.08	-2.66
18500.00	457.36	0.00	7.06	-3.32
18550.00	458.15	0.00	6.54	-3.38
18600.00	458.76	0.00	6.18	-3.24
18650.00	459.37	0.00	5.82	-3.10
18700.00	459.98	0.00	5.46	-2.96
18750.00	460.59	0.00	5.10	-2.82
18800.00	461.20	0.00	4.74	-2.68
18850.00	461.81	0.00	4.38	-2.55
18900.00	462.43	0.00	4.02	-2.41
18950.00	463.04	0.00	3.66	-2.27
19000.00	463.65	0.00	3.30	-2.13
19050.00	464.26	0.00	2.94	-1.99
19100.00	464.87	0.00	2.58	-1.85
19150.00	465.77	0.00	2.35	-1.59
19200.00	466.87	0.00	2.21	-1.23
19250.00	467.97	0.00	2.06	-0.88
19300.00	469.07	0.00	1.92	-0.52
19350.00	470.18	0.00	1.78	-0.17
19400.00	471.28	0.00	1.64	0.18
19450.00	472.38	0.00	1.50	0.54
19500.00	473.48	0.00	1.36	0.89
19550.00	474.58	0.00	1.21	1.25
19600.00	475.68	0.00	1.07	1.60
19650.00	476.78	0.00	0.93	1.95
19700.00	477.88	0.00	0.79	2.31
19750.00	479.16	0.00	0.69	2.49
19800.00	480.60	0.00	0.63	2.51
19850.00	482.05	0.00	0.57	2.53
19900.00	483.49	0.00	0.51	2.54
19950.00	484.94	0.00	0.45	2.56
20000.00	486.39	0.00	0.39	2.57
20050.00	487.83	0.00	0.33	2.59
26050.00	487.83	0.00	0.33	2.59
