961.48	304.85	16.10
0.00	304.85	16.10	7.18	6.52
50.00	304.82	16.00	6.01	7.41
100.00	304.77	15.81	6.39	7.98
150.00	304.75	15.72	6.57	8.29
200.00	304.74	15.65	6.71	8.56
250.00	304.73	15.58	6.84	8.81
300.00	304.73	15.52	6.95	9.04
350.00	304.73	15.46	7.05	9.26
400.00	304.73	15.40	7.15	9.48
450.00	304.74	15.34	7.24	9.69
500.00	304.74	15.29	7.34	9.89
550.00	304.75	15.22	7.44	10.12
600.00	304.77	15.13	7.56	10.36
650.00	304.79	15.04	7.68	10.61
700.00	304.81	14.96	7.80	10.86
750.00	304.86	14.79	7.97	11.15
800.00	304.93	14.56	8.17	11.46
850.00	305.00	14.34	8.37	11.77
900.00	305.07	14.12	8.58	12.08
950.00	305.14	13.89	8.78	12.39
1000.00	305.24	13.63	9.07	12.67
1050.00	305.35	13.37	9.36	12.94
1100.00	305.45	13.12	9.65	13.22
1150.00	305.55	12.86	9.93	13.49
1200.00	305.65	12.60	10.22	13.77
1250.00	305.73	12.40	10.46	13.94
1300.00	305.81	12.23	10.67	14.06
1350.00	305.88	12.07	10.88	14.18
1400.00	305.96	11.90	11.10	14.30
1450.00	306.04	11.73	11.31	14.42
1500.00	306.11	11.56	11.52	14.53
1550.00	306.20	11.38	11.74	14.63
1600.00	306.30	11.17	12.00	14.70
1650.00	306.41	10.95	12.25	14.76
1700.00	306.51	10.74	12.51	14.82
1750.00	306.62	10.53	12.76	14.88
1800.00	306.72	10.31	13.02	14.94
1850.00	306.83	10.10	13.27	15.00
1900.00	306.93	9.89	13.53	15.06
1950.00	307.17	9.53	13.78	15.06
2000.00	307.41	9.16	14.02	15.04
2050.00	307.65	8.79	14.27	15.03
2100.00	307.89	8.42	14.52	15.02
2150.00	308.13	8.05	14.77	15.01
2200.00	308.37	7.68	15.01	15.00
2250.00	308.61	7.31	15.26	14.99
2300.00	308.85	6.94	15.51	14.97
2350.00	309.12	6.59	15.73	14.99
2400.00	309.42	6.26	15.94	15.02
2450.00	309.71	5.93	16.15	15.06
2500.00	310.00	5.59	16.36	15.09
2550.00	310.29	5.26	16.57	15.12
2600.00	310.59	4.93	16.77	15.15
2650.00	310.88	4.60	16.98	15.19
2700.00	311.17	4.27	17.19	15.22
2750.00	311.46	3.93	17.40	15.25
2800.00	311.70	3.69	17.52	15.30
2850.00	311.87	3.55	17.53	15.36
2900.00	312.04	3.40	17.54	15.41
2950.00	312.21	3.26	17.56	15.47
3000.00	312.38	3.12	17.57	15.53
3050.00	312.54	2.98	17.58	15.59
3100.00	312.71	2.83	17.60	15.65
3150.00	312.88	2.69	17.61	15.71
3200.00	313.05	2.55	17.62	15.77
3250.00	313.22	2.41	17.64	15.83
3300.00	313.35	2.33	17.63	15.83
3350.00	313.43	2.33	17.60	15.74
3400.00	313.51	2.33	17.57	15.66
3450.00	313.59	2.34	17.54	15.58
3500.00	313.67	2.34	17.51	15.50
3550.00	313.75	2.34	17.48	15.41
3600.00	313.83	2.35	17.44	15.33
3650.00	313.91	2.35	17.41	15.25
3700.00	313.99	2.35	17.38	15.17
3750.00	314.07	2.36	17.35	15.09
3800.00	314.15	2.36	17.32	15.00
3850.00	314.24	2.36	17.38	14.85
3900.00	314.33	2.37	17.50	14.65
3950.00	314.42	2.38	17.62	14.44
4000.00	314.51	2.39	17.74	14.24
4050.00	314.60	2.40	17.86	14.03
4100.00	314.69	2.41	17.98	13.82
4150.00	314.78	2.41	18.10	13.62
4200.00	314.86	2.42	18.22	13.41
4250.00	314.95	2.43	18.34	13.21
4300.00	315.04	2.44	18.47	13.00
4350.00	315.13	2.45	18.59	12.80
4400.00	315.22	2.46	18.71	12.59
4450.00	315.34	2.39	19.01	12.65
4500.00	315.47	2.30	19.35	12.76
4550.00	315.59	2.22	19.69	12.87
4600.00	315.72	2.13	20.03	12.98
4650.00	315.85	2.05	20.36	13.09
4700.00	315.97	1.96	20.70	13.20
4750.00	316.10	1.88	21.04	13.30
4800.00	316.22	1.79	21.38	13.41
4850.00	316.35	1.71	21.72	13.52
4900.00	316.48	1.62	22.05	13.63
4950.00	316.60	1.54	22.39	13.74
5000.00	316.73	1.45	22.73	13.85
5050.00	316.86	1.38	23.08	13.95
5100.00	317.03	1.37	23.48	14.06
5150.00	317.19	1.35	23.88	14.17
5200.00	317.36	1.34	24.27	14.27
5250.00	317.53	1.33	24.67	14.38
5300.00	317.69	1.31	25.07	14.49
5350.00	317.86	1.30	25.47	14.60
5400.00	318.03	1.29	25.87	14.70
5450.00	318.19	1.28	26.27	14.81
5500.00	318.36	1.26	26.67	14.92
5550.00	318.53	1.25	27.06	15.02
5600.00	318.69	1.24	27.46	15.13
5650.00	318.86	1.22	27.86	15.24
5700.00	319.03	1.21	28.26	15.34
5750.00	319.17	1.19	28.51	15.43
5800.00	319.29	1.18	28.64	15.50
5850.00	319.42	1.16	28.76	15.57
5900.00	319.54	1.14	28.88	15.63
5950.00	319.66	1.13	29.00	15.70
6000.00	319.78	1.11	29.12	15.77
6050.00	319.91	1.09	29.24	15.84
6100.00	320.03	1.07	29.36	15.91
6150.00	320.15	1.06	29.48	15.97
6200.00	320.27	1.04	29.60	16.04
6250.00	320.39	1.02	29.72	16.11
6300.00	320.52	1.00	29.84	16.18
6350.00	320.64	0.99	29.96	16.25
6400.00	320.76	0.97	30.08	16.31
6450.00	320.89	0.95	30.15	16.37
6500.00	321.01	0.92	30.14	16.42
6550.00	321.14	0.89	30.13	16.47
6600.00	321.27	0.86	30.12	16.52
6650.00	321.40	0.83	30.11	16.57
6700.00	321.53	0.80	30.10	16.62
6750.00	321.66	0.78	30.09	16.67
6800.00	321.79	0.75	30.08	16.72
6850.00	321.92	0.72	30.07	16.76
6900.00	322.05	0.69	30.06	16.81
6950.00	322.18	0.66	30.05	16.86
7000.00	322.31	0.63	30.03	16.91
7050.00	322.43	0.60	30.02	16.96
7100.00	322.56	0.57	30.01	17.01
7150.00	322.70	0.55	30.02	17.04
7200.00	322.85	0.53	30.06	17.05
7250.00	322.99	0.51	30.10	17.05
7300.00	323.14	0.49	30.14	17.06
7350.00	323.29	0.47	30.18	17.07
7400.00	323.44	0.45	30.22	17.07
7450.00	323.58	0.43	30.26	17.08
7500.00	323.73	0.41	30.30	17.09
7550.00	323.88	0.40	30.34	17.10
7600.00	324.02	0.38	30.38	17.10
7650.00	324.17	0.36	30.42	17.11
7700.00	324.32	0.34	30.46	17.12
7750.00	324.46	0.32	30.50	17.12
7800.00	324.61	0.30	30.54	17.13
7850.00	324.76	0.29	30.63	17.11
7900.00	324.91	0.28	30.74	17.07
7950.00	325.07	0.27	30.85	17.03
8000.00	325.22	0.26	30.95	16.99
8050.00	325.37	0.25	31.06	16.95
8100.00	325.53	0.24	31.17	16.91
8150.00	325.68	0.23	31.28	16.87
8200.00	325.83	0.22	31.38	16.83
8250.00	325.98	0.21	31.49	16.79
8300.00	326.14	0.20	31.60	16.75
8350.00	326.29	0.19	31.71	16.71
8400.00	326.44	0.18	31.81	16.67
8450.00	326.59	0.17	31.92	16.63
8500.00	326.74	0.16	32.03	16.59
8550.00	326.89	0.16	32.16	16.52
8600.00	327.04	0.15	32.29	16.46
8650.00	327.19	0.15	32.42	16.39
8700.00	327.34	0.14	32.54	16.32
8750.00	327.48	0.14	32.67	16.26
8800.00	327.63	0.13	32.80	16.19
8850.00	327.78	0.13	32.93	16.13
8900.00	327.93	0.12	33.05	16.06
8950.00	328.08	0.12	33.18	15.99
9000.00	328.22	0.11	33.31	15.93
9050.00	328.37	0.11	33.44	15.86
9100.00	328.52	0.10	33.56	15.80
9150.00	328.67	0.10	33.69	15.73
9200.00	328.84	0.09	33.84	15.66
9250.00	329.01	0.09	33.99	15.58
9300.00	329.18	0.09	34.14	15.51
9350.00	329.35	0.08	34.29	15.44
9400.00	329.53	0.08	34.44	15.36
9450.00	329.70	0.08	34.59	15.29
9500.00	329.87	0.07	34.73	15.22
9550.00	330.04	0.07	34.88	15.14
9600.00	330.21	0.07	35.03	15.07
9650.00	330.38	0.06	35.18	15.00
9700.00	330.56	0.06	35.33	14.92
9750.00	330.73	0.06	35.48	14.85
9800.00	330.90	0.05	35.63	14.78
9850.00	331.11	0.05	35.79	14.69
9900.00	331.33	0.05	35.95	14.60
9950.00	331.55	0.05	36.12	14.50
10000.00	331.77	0.05	36.28	14.41
10050.00	331.99	0.04	36.44	14.32
10100.00	332.21	0.04	36.60	14.23
10150.00	332.43	0.04	36.76	14.14
10200.00	332.64	0.04	36.93	14.05
10250.00	332.86	0.04	37.09	13.96
10300.00	333.08	0.04	37.25	13.87
10350.00	333.30	0.03	37.41	13.78
10400.00	333.52	0.03	37.58	13.69
10450.00	333.74	0.03	37.73	13.60
10500.00	334.03	0.03	37.85	13.54
10550.00	334.32	0.03	37.96	13.47
10600.00	334.61	0.03	38.08	13.41
10650.00	334.89	0.03	38.19	13.35
10700.00	335.18	0.03	38.31	13.28
10750.00	335.47	0.03	38.43	13.22
10800.00	335.76	0.03	38.54	13.16
10850.00	336.04	0.02	38.66	13.10
10900.00	336.33	0.02	38.77	13.03
10950.00	336.62	0.02	38.89	12.97
11000.00	336.91	0.02	39.00	12.91
11050.00	337.20	0.02	39.12	12.85
11100.00	337.55	0.02	39.21	12.82
11150.00	337.99	0.02	39.26	12.84
11200.00	338.44	0.02	39.32	12.86
11250.00	338.88	0.02	39.37	12.88
11300.00	339.33	0.02	39.42	12.90
11350.00	339.77	0.02	39.48	12.92
11400.00	340.22	0.02	39.53	12.95
11450.00	340.66	0.02	39.58	12.97
11500.00	341.11	0.02	39.64	12.99
11550.00	341.56	0.02	39.69	13.01
11600.00	342.00	0.02	39.75	13.03
11650.00	342.45	0.02	39.80	13.05
11700.00	342.89	0.02	39.85	13.07
11750.00	343.59	0.01	39.74	13.04
11800.00	344.34	0.01	39.60	12.99
11850.00	345.08	0.01	39.45	12.95
11900.00	345.83	0.01	39.31	12.91
11950.00	346.57	0.01	39.17	12.86
12000.00	347.32	0.01	39.03	12.82
12050.00	348.07	0.01	38.88	12.77
12100.00	348.81	0.01	38.74	12.73
12150.00	349.56	0.01	38.60	12.68
12200.00	350.30	0.01	38.45	12.64
12250.00	351.05	0.01	38.31	12.59
12300.00	351.79	0.01	38.17	12.55
12350.00	352.60	0.01	37.95	12.49
12400.00	353.52	0.01	37.60	12.41
12450.00	354.44	0.01	37.24	12.33
12500.00	355.35	0.01	36.89	12.25
12550.00	356.27	0.01	36.54	12.16
12600.00	357.19	0.01	36.19	12.08
12650.00	358.10	0.01	35.84	12.00
12700.00	359.02	0.01	35.49	11.92
12750.00	359.94	0.01	35.13	11.84
12800.00	360.85	0.01	34.78	11.75
12850.00	361.77	0.01	34.43	11.67
12900.00	362.69	0.01	34.08	11.59
12950.00	363.60	0.01	33.73	11.51
13000.00	364.46	0.01	33.27	11.54
13050.00	365.31	0.01	32.81	11.58
13100.00	366.16	0.01	32.34	11.62
13150.00	367.02	0.01	31.88	11.66
13200.00	367.87	0.01	31.41	11.71
13250.00	368.72	0.01	30.95	11.75
13300.00	369.57	0.01	30.48	11.79
13350.00	370.42	0.01	30.02	11.83
13400.00	371.27	0.01	29.55	11.88
13450.00	372.13	0.01	29.08	11.92
13500.00	372.98	0.01	28.62	11.96
13550.00	373.83	0.01	28.15	12.00
13600.00	374.65	0.01	27.78	12.03
13650.00	375.40	0.00	27.57	12.03
13700.00	376.16	0.00	27.36	12.02
13750.00	376.92	0.00	27.15	12.02
13800.00	377.68	0.00	26.93	12.02
13850.00	378.43	0.00	26.72	12.01
13900.00	379.19	0.00	26.51	12.01
13950.00	379.95	0.00	26.30	12.01
14000.00	380.70	0.00	26.09	12.00
14050.00	381.46	0.00	25.88	12.00
14100.00	382.22	0.00	25.67	12.00
14150.00	382.98	0.00	25.46	11.99
14200.00	383.73	0.00	25.25	11.99
14250.00	384.53	0.00	25.13	11.88
14300.00	385.34	0.00	25.03	11.74
14350.00	386.14	0.00	24.94	11.61
14400.00	386.95	0.00	24.84	11.48
14450.00	387.75	0.00	24.74	11.35
14500.00	388.56	0.00	24.64	11.21
14550.00	389.37	0.00	24.54	11.08
14600.00	390.17	0.00	24.45	10.95
14650.00	390.98	0.00	24.35	10.81
14700.00	391.78	0.00	24.25	10.68
14750.00	392.59	0.00	24.15	10.55
14800.00	393.40	0.00	24.06	10.42
14850.00	394.23	0.00	23.93	10.32
14900.00	395.10	0.00	23.75	10.29
14950.00	395.97	0.00	23.57	10.26
15000.00	396.84	0.00	23.39	10.23
15050.00	397.71	0.00	23.22	10.20
15100.00	398.58	0.00	23.04	10.17
15150.00	399.45	0.00	22.86	10.14
15200.00	400.32	0.00	22.68	10.12
15250.00	401.19	0.00	22.50	10.09
15300.00	402.06	0.00	22.32	10.06
15350.00	402.93	0.00	22.15	10.03
15400.00	403.80	0.00	21.97	10.00
15450.00	404.67	0.00	21.79	9.97
15500.00	405.36	0.00	21.64	10.00
15550.00	406.03	0.00	21.49	10.04
15600.00	406.70	0.00	21.35	10.09
15650.00	407.37	0.00	21.20	10.13
15700.00	408.04	0.00	21.05	10.17
15750.00	408.71	0.00	20.91	10.21
15800.00	409.38	0.00	20.76	10.25
15850.00	410.05	0.00	20.61	10.29
15900.00	410.72	0.00	20.47	10.33
15950.00	411.40	0.00	20.32	10.37
16000.00	412.07	0.00	20.17	10.41
16050.00	412.74	0.00	20.03	10.46
16100.00	413.33	0.00	19.97	10.46
16150.00	413.85	0.00	20.01	10.43
16200.00	414.37	0.00	20.04	10.40
16250.00	414.89	0.00	20.08	10.37
16300.00	415.42	0.00	20.11	10.34
16350.00	415.94	0.00	20.15	10.31
16400.00	416.46	0.00	20.19	10.28
16450.00	416.98	0.00	20.22	10.25
16500.00	417.50	0.00	20.26	10.22
16550.00	418.02	0.00	20.29	10.19
16600.00	418.54	0.00	20.33	10.16
16650.00	419.06	0.00	20.36	10.13
16700.00	419.63	0.00	20.42	10.10
16750.00	420.34	0.00	20.54	10.04
16800.00	421.05	0.00	20.65	9.98
16850.00	421.76	0.00	20.77	9.92
16900.00	422.47	0.00	20.89	9.86
16950.00	423.18	0.00	21.01	9.80
17000.00	423.89	0.00	21.12	9.74
17050.00	424.60	0.00	21.24	9.67
17100.00	425.31	0.00	21.36	9.61
17150.00	426.02	0.00	21.48	9.55
17200.00	426.73	0.00	21.60	9.49
17250.00	427.44	0.00	21.71	9.43
17300.00	428.17	0.00	21.82	9.36
17350.00	429.29	0.00	21.70	9.02
17400.00	430.41	0.00	21.58	8.68
17450.00	431.53	0.00	21.46	8.34
17500.00	432.65	0.00	21.34	8.01
17550.00	433.78	0.00	21.23	7.67
17600.00	434.90	0.00	21.11	7.33
17650.00	436.02	0.00	20.99	7.00
17700.00	437.14	0.00	20.87	6.66
17750.00	438.26	0.00	20.76	6.32
17800.00	439.38	0.00	20.64	5.99
17850.00	440.50	0.00	20.52	5.65
17900.00	441.62	0.00	20.40	5.31
17950.00	442.92	0.00	19.44	4.67
18000.00	444.23	0.00	18.42	4.02
18050.00	445.55	0.00	17.40	3.36
18100.00	446.86	0.00	16.39	2.71
18150.00	448.17	0.00	15.37	2.05
18200.00	449.48	0.00	14.35	1.40
18250.00	450.80	0.00	13.34	0.74
18300.00	452.11	0.00	12.32	0.08
18350.00	453.42	0.00	11.30	-0.57
18400.00	454.74	0.00	10.29	-1.23
18450.00	456.05	0.00	9.27	-1.88
18500.00	457.36	0.00	8.25	-2.54
18550.00	458.15	0.00	7.73	-2.60
18600.00	458.76	0.00	7.37	-2.46
18650.00	459.37	0.00	7.01	-2.32
18700.00	459.98	0.00	6.65	-2.18
18750.00	460.59	0.00	6.29	-2.04
18800.00	461.20	0.00	5.93	-1.90
18850.00	461.81	0.00	5.57	-1.77
18900.00	462.43	0.00	5.21	-1.63
18950.00	463.04	0.00	4.85	-1.49
19000.00	463.65	0.00	4.49	-1.35
19050.00	464.26	0.00	4.13	-1.21
19100.00	464.87	0.00	3.77	-1.07
19150.00	465.77	0.00	3.54	-0.81
19200.00	466.87	0.00	3.40	-0.45
19250.00	467.97	0.00	3.25	-0.10
19300.00	469.07	0.00	3.11	0.26
19350.00	470.18	0.00	2.97	0.61
19400.00	471.28	0.00	2.83	0.96
19450.00	472.38	0.00	2.69	1.32
19500.00	473.48	0.00	2.55	1.67
19550.00	474.58	0.00	2.40	2.03
19600.00	475.68	0.00	2.26	2.38
19650.00	476.78	0.00	2.12	2.73
19700.00	477.88	0.00	1.98	3.09
19750.00	479.16	0.00	1.88	3.27
19800.00	480.60	0.00	1.82	3.29
19850.00	482.05	0.00	1.76	3.31
19900.00	483.49	0.00	1.70	3.32
19950.00	484.94	0.00	1.64	3.34
20000.00	486.39	0.00	1.58	3.35
20050.00	487.83	0.00	1.52	3.37
26050.00	487.83	0.00	1.52	3.37
