961.48	304.85	16.10
0.00	304.85	16.10	2.48	7.70
50.00	304.82	16.00	6.49	7.87
100.00	304.77	15.81	6.87	8.44
150.00	304.75	15.72	7.05	8.75
200.00	304.74	15.65	7.19	9.02
250.00	304.73	15.58	7.32	9.27
300.00	304.73	15.52	7.43	9.50
350.00	304.73	15.46	7.53	9.72
400.00	304.73	15.40	7.63	9.94
450.00	304.74	15.34	7.72	10.15
500.00	304.74	15.29	7.82	10.35
550.00	304.75	15.22	7.92	10.58
600.00	304.77	15.13	8.04	10.82
650.00	304.79	15.04	8.16	11.07
700.00	304.81	14.96	8.28	11.32
750.00	304.86	14.79	8.45	11.61
800.00	304.93	14.56	8.65	11.92
850.00	305.00	14.34	8.85	12.23
900.00	305.07	14.12	9.06	12.54
950.00	305.14	13.89	9.26	12.85
1000.00	305.24	13.63	9.55	13.13
1050.00	305.35	13.37	9.84	13.40
1100.00	305.45	13.12	10.13	13.68
1150.00	305.55	12.86	10.41	13.95
1200.00	305.65	12.60	10.70	14.23
1250.00	305.73	12.40	10.94	14.40
1300.00	305.81	12.23	11.15	14.52
1350.00	305.88	12.07	11.36	14.64
1400.00	305.96	11.90	11.58	14.76
1450.00	306.04	11.73	11.79	14.88
1500.00	306.11	11.56	12.00	14.99
1550.00	306.20	11.38	12.22	15.09
1600.00	306.30	11.17	12.48	15.16
1650.00	306.41	10.95	12.73	15.22
1700.00	306.51	10.74	12.99	15.28
1750.00	306.62	10.53	13.24	15.34
1800.00	306.72	10.31	13.50	15.40
1850.00	306.83	10.10	13.75	15.46
1900.00	306.93	9.89	14.01	15.52
1950.00	307.17	9.53	14.26	15.52
2000.00	307.41	9.16	14.50	15.50
2050.00	307.65	8.79	14.75	15.49
2100.00	307.89	8.42	15.00	15.48
2150.00	308.13	8.05	15.25	15.47
2200.00	308.37	7.68	15.49	15.46
2250.00	308.61	7.31	15.74	15.45
2300.00	308.85	6.94	15.99	15.43
2350.00	309.12	6.59	16.21	15.45
2400.00	309.42	6.26	16.42	15.48
2450.00	309.71	5.93	16.63	15.52
2500.00	310.00	5.59	16.84	15.55
2550.00	310.29	5.26	17.05	15.58
2600.00	310.59	4.93	17.25	15.61
2650.00	310.88	4.60	17.46	15.65
2700.00	311.17	4.27	17.67	15.68
2750.00	311.46	3.93	17.88	15.71
2800.00	311.70	3.69	18.00	15.76
2850.00	311.87	3.55	18.01	15.82
2900.00	312.04	3.40	18.02	15.87
2950.00	312.21	3.26	18.04	15.93
3000.00	312.38	3.12	18.05	15.99
3050.00	312.54	2.98	18.06	16.05
3100.00	312.71	2.83	18.08	16.11
3150.00	312.88	2.69	18.09	16.17
3200.00	313.05	2.55	18.10	16.23
3250.00	313.22	2.41	18.12	16.29
3300.00	313.35	2.33	18.11	16.29
3350.00	313.43	2.33	18.08	16.20
3400.00	313.51	2.33	18.05	16.12
3450.00	313.59	2.34	18.02	16.04
3500.00	313.67	2.34	17.99	15.96
3550.00	313.75	2.34	17.96	15.87
3600.00	313.83	2.35	17.92	15.79
3650.00	313.91	2.35	17.89	15.71
3700.00	313.99	2.35	17.86	15.63
3750.00	314.07	2.36	17.83	15.55
3800.00	314.15	2.36	17.80	15.46
3850.00	314.24	2.36	17.86	15.31
3900.00	314.33	2.37	17.98	15.11
3950.00	314.42	2.38	18.10	14.90
4000.00	314.51	2.39	18.22	14.70
4050.00	314.60	2.40	18.34	14.49
4100.00	314.69	2.41	18.46	14.28
4150.00	314.78	2.41	18.58	14.08
4200.00	314.86	2.42	18.70	13.87
4250.00	314.95	2.43	18.82	13.67
4300.00	315.04	2.44	18.95	13.46
4350.00	315.13	2.45	19.07	13.26
4400.00	315.22	2.46	19.19	13.05
4450.00	315.34	2.39	19.49	13.11
4500.00	315.47	2.30	19.83	13.22
4550.00	315.59	2.22	20.17	13.33
4600.00	315.72	2.13	20.51	13.44
4650.00	315.85	2.05	20.84	13.55
4700.00	315.97	1.96	21.18	13.66
4750.00	316.10	1.88	21.52	13.76
4800.00	316.22	1.79	21.86	13.87
4850.00	316.35	1.71	22.20	13.98
4900.00	316.48	1.62	22.53	14.09
4950.00	316.60	1.54	22.87	14.20
5000.00	316.73	1.45	23.21	14.31
5050.00	316.86	1.38	23.56	14.41
5100.00	317.03	1.37	23.96	14.52
5150.00	317.19	1.35	24.36	14.63
5200.00	317.36	1.34	24.75	14.73
5250.00	317.53	1.33	25.15	14.84
5300.00	317.69	1.31	25.55	14.95
5350.00	317.86	1.30	25.95	15.06
5400.00	318.03	1.29	26.35	15.16
5450.00	318.19	1.28	26.75	15.27
5500.00	318.36	1.26	27.15	15.38
5550.00	318.53	1.25	27.54	15.48
5600.00	318.69	1.24	27.94	15.59
5650.00	318.86	1.22	28.34	15.70
5700.00	319.03	1.21	28.74	15.80
5750.00	319.17	1.19	28.99	15.89
5800.00	319.29	1.18	29.12	15.96
5850.00	319.42	1.16	29.24	16.03
5900.00	319.54	1.14	29.36	16.09
5950.00	319.66	1.13	29.48	16.16
6000.00	319.78	1.11	29.60	16.23
6050.00	319.91	1.09	29.72	16.30
6100.00	320.03	1.07	29.84	16.37
6150.00	320.15	1.06	29.96	16.43
6200.00	320.27	1.04	30.08	16.50
6250.00	320.39	1.02	30.20	16.57
6300.00	320.52	1.00	30.32	16.64
6350.00	320.64	0.99	30.44	16.71
6400.00	320.76	0.97	30.56	16.77
6450.00	320.89	0.95	30.63	16.83
6500.00	321.01	0.92	30.62	16.88
6550.00	321.14	0.89	30.61	16.93
6600.00	321.27	0.86	30.60	16.98
6650.00	321.40	0.83	30.59	17.03
6700.00	321.53	0.80	30.58	17.08
6750.00	321.66	0.78	30.57	17.13
6800.00	321.79	0.75	30.56	17.18
6850.00	321.92	0.72	30.55	17.22
6900.00	322.05	0.69	30.54	17.27
6950.00	322.18	0.66	30.53	17.32
7000.00	322.31	0.63	30.51	17.37
7050.00	322.43	0.60	30.50	17.42
7100.00	322.56	0.57	30.49	17.47
7150.00	322.70	0.55	30.50	17.50
7200.00	322.85	0.53	30.54	17.51
7250.00	322.99	0.51	30.58	17.51
7300.00	323.14	0.49	30.62	17.52
7350.00	323.29	0.47	30.66	17.53
7400.00	323.44	0.45	30.70	17.53
7450.00	323.58	0.43	30.74	17.54
7500.00	323.73	0.41	30.78	17.55
7550.00	323.88	0.40	30.82	17.56
7600.00	324.02	0.38	30.86	17.56
7650.00	324.17	0.36	30.90	17.57
7700.00	324.32	0.34	30.94	17.58
7750.00	324.46	0.32	30.98	17.58
7800.00	324.61	0.30	31.02	17.59
7850.00	324.76	0.29	31.11	17.57
7900.00	324.91	0.28	31.22	17.53
7950.00	325.07	0.27	31.33	17.49
8000.00	325.22	0.26	31.43	17.45
8050.00	325.37	0.25	31.54	17.41
8100.00	325.53	0.24	31.65	17.37
8150.00	325.68	0.23	31.76	17.33
8200.00	325.83	0.22	31.86	17.29
8250.00	325.98	0.21	31.97	17.25
8300.00	326.14	0.20	32.08	17.21
8350.00	326.29	0.19	32.19	17.17
8400.00	326.44	0.18	32.29	17.13
8450.00	326.59	0.17	32.40	17.09
8500.00	326.74	0.16	32.51	17.05
8550.00	326.89	0.16	32.64	16.98
8600.00	327.04	0.15	32.77	16.92
8650.00	327.19	0.15	32.90	16.85
8700.00	327.34	0.14	33.02	16.78
8750.00	327.48	0.14	33.15	16.72
8800.00	327.63	0.13	33.28	16.65
8850.00	327.78	0.13	33.41	16.59
8900.00	327.93	0.12	33.53	16.52
8950.00	328.08	0.12	33.66	16.45
9000.00	328.22	0.11	33.79	16.39
9050.00	328.37	0.11	33.92	16.32
9100.00	328.52	0.10	34.04	16.26
9150.00	328.67	0.10	34.17	16.19
9200.00	328.84	0.09	34.32	16.12
9250.00	329.01	0.09	34.47	16.04
9300.00	329.18	0.09	34.62	15.97
9350.00	329.35	0.08	34.77	15.90
9400.00	329.53	0.08	34.92	15.82
9450.00	329.70	0.08	35.07	15.75
9500.00	329.87	0.07	35.21	15.68
9550.00	330.04	0.07	35.36	15.60
9600.00	330.21	0.07	35.51	15.53
9650.00	330.38	0.06	35.66	15.46
9700.00	330.56	0.06	35.81	15.38
9750.00	330.73	0.06	35.96	15.31
9800.00	330.90	0.05	36.11	15.24
9850.00	331.11	0.05	36.27	15.15
9900.00	331.33	0.05	36.43	15.06
9950.00	331.55	0.05	36.60	14.96
10000.00	331.77	0.05	36.76	14.87
10050.00	331.99	0.04	36.92	14.78
10100.00	332.21	0.04	37.08	14.69
10150.00	332.43	0.04	37.24	14.60
10200.00	332.64	0.04	37.41	14.51
10250.00	332.86	0.04	37.57	14.42
10300.00	333.08	0.04	37.73	14.33
10350.00	333.30	0.03	37.89	14.24
10400.00	333.52	0.03	38.06	14.15
10450.00	333.74	0.03	38.21	14.06
10500.00	334.03	0.03	38.33	14.00
10550.00	334.32	0.03	38.44	13.93
10600.00	334.61	0.03	38.56	13.87
10650.00	334.89	0.03	38.67	13.81
10700.00	335.18	0.03	38.79	13.74
10750.00	335.47	0.03	38.91	13.68
10800.00	335.76	0.03	39.02	13.62
10850.00	336.04	0.02	39.14	13.56
10900.00	336.33	0.02	39.25	13.49
10950.00	336.62	0.02	39.37	13.43
11000.00	336.91	0.02	39.48	13.37
11050.00	337.20	0.02	39.60	13.31
11100.00	337.55	0.02	39.69	13.28
11150.00	337.99	0.02	39.74	13.30
11200.00	338.44	0.02	39.80	13.32
11250.00	338.88	0.02	39.85	13.34
11300.00	339.33	0.02	39.90	13.36
11350.00	339.77	0.02	39.96	13.38
11400.00	340.22	0.02	40.01	13.41
11450.00	340.66	0.02	40.06	13.43
11500.00	341.11	0.02	40.12	13.45
11550.00	341.56	0.02	40.17	13.47
11600.00	342.00	0.02	40.23	13.49
11650.00	342.45	0.02	40.28	13.51
11700.00	342.89	0.02	40.33	13.53
11750.00	343.59	0.01	40.22	13.50
11800.00	344.34	0.01	40.08	13.45
11850.00	345.08	0.01	39.93	13.41
11900.00	345.83	0.01	39.79	13.37
11950.00	346.57	0.01	39.65	13.32
12000.00	347.32	0.01	39.51	13.28
12050.00	348.07	0.01	39.36	13.23
12100.00	348.81	0.01	39.22	13.19
12150.00	349.56	0.01	39.08	13.14
12200.00	350.30	0.01	38.93	13.10
12250.00	351.05	0.01	38.79	13.05
12300.00	351.79	0.01	38.65	13.01
12350.00	352.60	0.01	38.43	12.95
12400.00	353.52	0.01	38.08	12.87
12450.00	354.44	0.01	37.72	12.79
12500.00	355.35	0.01	37.37	12.71
12550.00	356.27	0.01	37.02	12.62
12600.00	357.19	0.01	36.67	12.54
12650.00	358.10	0.01	36.32	12.46
12700.00	359.02	0.01	35.97	12.38
12750.00	359.94	0.01	35.61	12.30
12800.00	360.85	0.01	35.26	12.21
12850.00	361.77	0.01	34.91	12.13
12900.00	362.69	0.01	34.56	12.05
12950.00	363.60	0.01	34.21	11.97
13000.00	364.46	0.01	33.75	12.00
13050.00	365.31	0.01	33.29	12.04
13100.00	366.16	0.01	32.82	12.08
13150.00	367.02	0.01	32.36	12.12
13200.00	367.87	0.01	31.89	12.17
13250.00	368.72	0.01	31.43	12.21
13300.00	369.57	0.01	30.96	12.25
13350.00	370.42	0.01	30.50	12.29
13400.00	371.27	0.01	30.03	12.34
13450.00	372.13	0.01	29.56	12.38
13500.00	372.98	0.01	29.10	12.42
13550.00	373.83	0.01	28.63	12.46
13600.00	374.65	0.01	28.26	12.49
13650.00	375.40	0.00	28.05	12.49
13700.00	376.16	0.00	27.84	12.48
13750.00	376.92	0.00	27.63	12.48
13800.00	377.68	0.00	27.41	12.48
13850.00	378.43	0.00	27.20	12.47
13900.00	379.19	0.00	26.99	12.47
13950.00	379.95	0.00	26.78	12.47
14000.00	380.70	0.00	26.57	12.46
14050.00	381.46	0.00	26.36	12.46
14100.00	382.22	0.00	26.15	12.46
14150.00	382.98	0.00	25.94	12.45
14200.00	383.73	0.00	25.73	12.45
14250.00	384.53	0.00	25.61	12.34
14300.00	385.34	0.00	25.51	12.20
14350.00	386.14	0.00	25.42	12.07
14400.00	386.95	0.00	25.32	11.94
14450.00	387.75	0.00	25.22	11.81
14500.00	388.56	0.00	25.12	11.67
14550.00	389.37	0.00	25.02	11.54
14600.00	390.17	0.00	24.93	11.41
14650.00	390.98	0.00	24.83	11.27
14700.00	391.78	0.00	24.73	11.14
14750.00	392.59	0.00	24.63	11.01
14800.00	393.40	0.00	24.54	10.88
14850.00	394.23	0.00	24.41	10.78
14900.00	395.10	0.00	24.23	10.75
14950.00	395.97	0.00	24.05	10.72
15000.00	396.84	0.00	23.87	10.69
15050.00	397.71	0.00	23.70	10.66
15100.00	398.58	0.00	23.52	10.63
15150.00	399.45	0.00	23.34	10.60
15200.00	400.32	0.00	23.16	10.58
15250.00	401.19	0.00	22.98	10.55
15300.00	402.06	0.00	22.80	10.52
15350.00	402.93	0.00	22.63	10.49
15400.00	403.80	0.00	22.45	10.46
15450.00	404.67	0.00	22.27	10.43
15500.00	405.36	0.00	22.12	10.46
15550.00	406.03	0.00	21.97	10.50
15600.00	406.70	0.00	21.83	10.55
15650.00	407.37	0.00	21.68	10.59
15700.00	408.04	0.00	21.53	10.63
15750.00	408.71	0.00	21.39	10.67
15800.00	409.38	0.00	21.24	10.71
15850.00	410.05	0.00	21.09	10.75
15900.00	410.72	0.00	20.95	10.79
15950.00	411.40	0.00	20.80	10.83
16000.00	412.07	0.00	20.65	10.87
16050.00	412.74	0.00	20.51	10.92
16100.00	413.33	0.00	20.45	10.92
16150.00	413.85	0.00	20.49	10.89
16200.00	414.37	0.00	20.52	10.86
16250.00	414.89	0.00	20.56	10.83
16300.00	415.42	0.00	20.59	10.80
16350.00	415.94	0.00	20.63	10.77
16400.00	416.46	0.00	20.67	10.74
16450.00	416.98	0.00	20.70	10.71
16500.00	417.50	0.00	20.74	10.68
16550.00	418.02	0.00	20.77	10.65
16600.00	418.54	0.00	20.81	10.62
16650.00	419.06	0.00	20.84	10.59
16700.00	419.63	0.00	20.90	10.56
16750.00	420.34	0.00	21.02	10.50
16800.00	421.05	0.00	21.13	10.44
16850.00	421.76	0.00	21.25	10.38
16900.00	422.47	0.00	21.37	10.32
16950.00	423.18	0.00	21.49	10.26
17000.00	423.89	0.00	21.60	10.20
17050.00	424.60	0.00	21.72	10.13
17100.00	425.31	0.00	21.84	10.07
17150.00	426.02	0.00	21.96	10.01
17200.00	426.73	0.00	22.08	9.95
17250.00	427.44	0.00	22.19	9.89
17300.00	428.17	0.00	22.30	9.82
17350.00	429.29	0.00	22.18	9.48
17400.00	430.41	0.00	22.06	9.14
17450.00	431.53	0.00	21.94	8.80
17500.00	432.65	0.00	21.82	8.47
17550.00	433.78	0.00	21.71	8.13
17600.00	434.90	0.00	21.59	7.79
17650.00	436.02	0.00	21.47	7.46
17700.00	437.14	0.00	21.35	7.12
17750.00	438.26	0.00	21.24	6.78
17800.00	439.38	0.00	21.12	6.45
17850.00	440.50	0.00	21.00	6.11
17900.00	441.62	0.00	20.88	5.77
17950.00	442.92	0.00	19.92	5.13
18000.00	444.23	0.00	18.90	4.48
18050.00	445.55	0.00	17.88	3.82
18100.00	446.86	0.00	16.87	3.17
18150.00	448.17	0.00	15.85	2.51
18200.00	449.48	0.00	14.83	1.86
18250.00	450.80	0.00	13.82	1.20
18300.00	452.11	0.00	12.80	0.54
18350.00	453.42	0.00	11.78	-0.11
18400.00	454.74	0.00	10.77	-0.77
18450.00	456.05	0.00	9.75	-1.42
18500.00	457.36	0.00	8.73	-2.08
18550.00	458.15	0.00	8.21	-2.14
18600.00	458.76	0.00	7.85	-2.00
18650.00	459.37	0.00	7.49	-1.86
18700.00	459.98	0.00	7.13	-1.72
18750.00	460.59	0.00	6.77	-1.58
18800.00	461.20	0.00	6.41	-1.44
18850.00	461.81	0.00	6.05	-1.31
18900.00	462.43	0.00	5.69	-1.17
18950.00	463.04	0.00	5.33	-1.03
19000.00	463.65	0.00	4.97	-0.89
19050.00	464.26	0.00	4.61	-0.75
19100.00	464.87	0.00	4.25	-0.61
19150.00	465.77	0.00	4.02	-0.35
19200.00	466.87	0.00	3.88	0.01
19250.00	467.97	0.00	3.73	0.36
19300.00	469.07	0.00	3.59	0.72
19350.00	470.18	0.00	3.45	1.07
19400.00	471.28	0.00	3.31	1.42
19450.00	472.38	0.00	3.17	1.78
19500.00	473.48	0.00	3.03	2.13
19550.00	474.58	0.00	2.88	2.49
19600.00	475.68	0.00	2.74	2.84
19650.00	476.78	0.00	2.60	3.19
19700.00	477.88	0.00	2.46	3.55
19750.00	479.16	0.00	2.36	3.73
19800.00	480.60	0.00	2.30	3.75
19850.00	482.05	0.00	2.24	3.77
19900.00	483.49	0.00	2.18	3.78
19950.00	484.94	0.00	2.12	3.80
20000.00	486.39	0.00	2.06	3.81
20050.00	487.83	0.00	2.00	3.83
26050.00	487.83	0.00	2.00	3.83
