961.48	304.85	16.10
0.00	304.85	16.10	7.53	6.46
50.00	304.82	16.00	6.83	5.34
100.00	304.77	15.81	7.21	5.91
150.00	304.75	15.72	7.39	6.22
200.00	304.74	15.65	7.53	6.49
250.00	304.73	15.58	7.66	6.74
300.00	304.73	15.52	7.77	6.97
350.00	304.73	15.46	7.87	7.19
400.00	304.73	15.40	7.97	7.41
450.00	304.74	15.34	8.06	7.62
500.00	304.74	15.29	8.16	7.82
550.00	304.75	15.22	8.26	8.05
600.00	304.77	15.13	8.38	8.29
650.00	304.79	15.04	8.50	8.54
700.00	304.81	14.96	8.62	8.79
750.00	304.86	14.79	8.79	9.08
800.00	304.93	14.56	8.99	9.39
850.00	305.00	14.34	9.19	9.70
900.00	305.07	14.12	9.40	10.01
950.00	305.14	13.89	9.60	10.32
1000.00	305.24	13.63	9.89	10.60
1050.00	305.35	13.37	10.18	10.87
1100.00	305.45	13.12	10.47	11.15
1150.00	305.55	12.86	10.75	11.42
1200.00	305.65	12.60	11.04	11.70
1250.00	305.73	12.40	11.28	11.87
1300.00	305.81	12.23	11.49	11.99
1350.00	305.88	12.07	11.70	12.11
1400.00	305.96	11.90	11.92	12.23
1450.00	306.04	11.73	12.13	12.35
1500.00	306.11	11.56	12.34	12.46
1550.00	306.20	11.38	12.56	12.56
1600.00	306.30	11.17	12.82	12.63
1650.00	306.41	10.95	13.07	12.69
1700.00	306.51	10.74	13.33	12.75
1750.00	306.62	10.53	13.58	12.81
1800.00	306.72	10.31	13.84	12.87
1850.00	306.83	10.10	14.09	12.93
1900.00	306.93	9.89	14.35	12.99
1950.00	307.17	9.53	14.60	12.99
2000.00	307.41	9.16	14.84	12.97
2050.00	307.65	8.79	15.09	12.96
2100.00	307.89	8.42	15.34	12.95
2150.00	308.13	8.05	15.59	12.94
2200.00	308.37	7.68	15.83	12.93
2250.00	308.61	7.31	16.08	12.92
2300.00	308.85	6.94	16.33	12.90
2350.00	309.12	6.59	16.55	12.92
2400.00	309.42	6.26	16.76	12.95
2450.00	309.71	5.93	16.97	12.99
2500.00	310.00	5.59	17.18	13.02
2550.00	310.29	5.26	17.39	13.05
2600.00	310.59	4.93	17.59	13.08
2650.00	310.88	4.60	17.80	13.12
2700.00	311.17	4.27	18.01	13.15
2750.00	311.46	3.93	18.22	13.18
2800.00	311.70	3.69	18.34	13.23
2850.00	311.87	3.55	18.35	13.29
2900.00	312.04	3.40	18.36	13.34
2950.00	312.21	3.26	18.38	13.40
3000.00	312.38	3.12	18.39	13.46
3050.00	312.54	2.98	18.40	13.52
3100.00	312.71	2.83	18.42	13.58
3150.00	312.88	2.69	18.43	13.64
3200.00	313.05	2.55	18.44	13.70
3250.00	313.22	2.41	18.46	13.76
3300.00	313.35	2.33	18.45	13.76
3350.00	313.43	2.33	18.42	13.67
3400.00	313.51	2.33	18.39	13.59
3450.00	313.59	2.34	18.36	13.51
3500.00	313.67	2.34	18.33	13.43
3550.00	313.75	2.34	18.30	13.34
3600.00	313.83	2.35	18.26	13.26
3650.00	313.91	2.35	18.23	13.18
3700.00	313.99	2.35	18.20	13.10
3750.00	314.07	2.36	18.17	13.02
3800.00	314.15	2.36	18.14	12.93
3850.00	314.24	2.36	18.20	12.78
3900.00	314.33	2.37	18.32	12.58
3950.00	314.42	2.38	18.44	12.37
4000.00	314.51	2.39	18.56	12.17
4050.00	314.60	2.40	18.68	11.96
4100.00	314.69	2.41	18.80	11.75
4150.00	314.78	2.41	18.92	11.55
4200.00	314.86	2.42	19.04	11.34
4250.00	314.95	2.43	19.16	11.14
4300.00	315.04	2.44	19.29	10.93
4350.00	315.13	2.45	19.41	10.73
4400.00	315.22	2.46	19.53	10.52
4450.00	315.34	2.39	19.83	10.58
4500.00	315.47	2.30	20.17	10.69
4550.00	315.59	2.22	20.51	10.80
4600.00	315.72	2.13	20.85	10.91
4650.00	315.85	2.05	21.18	11.02
4700.00	315.97	1.96	21.52	11.13
4750.00	316.10	1.88	21.86	11.23
4800.00	316.22	1.79	22.20	11.34
4850.00	316.35	1.71	22.54	11.45
4900.00	316.48	1.62	22.87	11.56
4950.00	316.60	1.54	23.21	11.67
5000.00	316.73	1.45	23.55	11.78
5050.00	316.86	1.38	23.90	11.88
5100.00	317.03	1.37	24.30	11.99
5150.00	317.19	1.35	24.70	12.10
5200.00	317.36	1.34	25.09	12.20
5250.00	317.53	1.33	25.49	12.31
5300.00	317.69	1.31	25.89	12.42
5350.00	317.86	1.30	26.29	12.53
5400.00	318.03	1.29	26.69	12.63
5450.00	318.19	1.28	27.09	12.74
5500.00	318.36	1.26	27.49	12.85
5550.00	318.53	1.25	27.88	12.95
5600.00	318.69	1.24	28.28	13.06
5650.00	318.86	1.22	28.68	13.17
5700.00	319.03	1.21	29.08	13.27
5750.00	319.17	1.19	29.33	13.36
5800.00	319.29	1.18	29.46	13.43
5850.00	319.42	1.16	29.58	13.50
5900.00	319.54	1.14	29.70	13.56
5950.00	319.66	1.13	29.82	13.63
6000.00	319.78	1.11	29.94	13.70
6050.00	319.91	1.09	30.06	13.77
6100.00	320.03	1.07	30.18	13.84
6150.00	320.15	1.06	30.30	13.90
6200.00	320.27	1.04	30.42	13.97
6250.00	320.39	1.02	30.54	14.04
6300.00	320.52	1.00	30.66	14.11
6350.00	320.64	0.99	30.78	14.18
6400.00	320.76	0.97	30.90	14.24
6450.00	320.89	0.95	30.97	14.30
6500.00	321.01	0.92	30.96	14.35
6550.00	321.14	0.89	30.95	14.40
6600.00	321.27	0.86	30.94	14.45
6650.00	321.40	0.83	30.93	14.50
6700.00	321.53	0.80	30.92	14.55
6750.00	321.66	0.78	30.91	14.60
6800.00	321.79	0.75	30.90	14.65
6850.00	321.92	0.72	30.89	14.69
6900.00	322.05	0.69	30.88	14.74
6950.00	322.18	0.66	30.87	14.79
7000.00	322.31	0.63	30.85	14.84
7050.00	322.43	0.60	30.84	14.89
7100.00	322.56	0.57	30.83	14.94
7150.00	322.70	0.55	30.84	14.97
7200.00	322.85	0.53	30.88	14.98
7250.00	322.99	0.51	30.92	14.98
7300.00	323.14	0.49	30.96	14.99
7350.00	323.29	0.47	31.00	15.00
7400.00	323.44	0.45	31.04	15.00
7450.00	323.58	0.43	31.08	15.01
7500.00	323.73	0.41	31.12	15.02
7550.00	323.88	0.40	31.16	15.03
7600.00	324.02	0.38	31.20	15.03
7650.00	324.17	0.36	31.24	15.04
7700.00	324.32	0.34	31.28	15.05
7750.00	324.46	0.32	31.32	15.05
7800.00	324.61	0.30	31.36	15.06
7850.00	324.76	0.29	31.45	15.04
7900.00	324.91	0.28	31.56	15.00
7950.00	325.07	0.27	31.67	14.96
8000.00	325.22	0.26	31.77	14.92
8050.00	325.37	0.25	31.88	14.88
8100.00	325.53	0.24	31.99	14.84
8150.00	325.68	0.23	32.10	14.80
8200.00	325.83	0.22	32.20	14.76
8250.00	325.98	0.21	32.31	14.72
8300.00	326.14	0.20	32.42	14.68
8350.00	326.29	0.19	32.53	14.64
8400.00	326.44	0.18	32.63	14.60
8450.00	326.59	0.17	32.74	14.56
8500.00	326.74	0.16	32.85	14.52
8550.00	326.89	0.16	32.98	14.45
8600.00	327.04	0.15	33.11	14.39
8650.00	327.19	0.15	33.24	14.32
8700.00	327.34	0.14	33.36	14.25
8750.00	327.48	0.14	33.49	14.19
8800.00	327.63	0.13	33.62	14.12
8850.00	327.78	0.13	33.75	14.06
8900.00	327.93	0.12	33.87	13.99
8950.00	328.08	0.12	34.00	13.92
9000.00	328.22	0.11	34.13	13.86
9050.00	328.37	0.11	34.26	13.79
9100.00	328.52	0.10	34.38	13.73
9150.00	328.67	0.10	34.51	13.66
9200.00	328.84	0.09	34.66	13.59
9250.00	329.01	0.09	34.81	13.51
9300.00	329.18	0.09	34.96	13.44
9350.00	329.35	0.08	35.11	13.37
9400.00	329.53	0.08	35.26	13.29
9450.00	329.70	0.08	35.41	13.22
9500.00	329.87	0.07	35.55	13.15
9550.00	330.04	0.07	35.70	13.07
9600.00	330.21	0.07	35.85	13.00
9650.00	330.38	0.06	36.00	12.93
9700.00	330.56	0.06	36.15	12.85
9750.00	330.73	0.06	36.30	12.78
9800.00	330.90	0.05	36.45	12.71
9850.00	331.11	0.05	36.61	12.62
9900.00	331.33	0.05	36.77	12.53
9950.00	331.55	0.05	36.94	12.43
10000.00	331.77	0.05	37.10	12.34
10050.00	331.99	0.04	37.26	12.25
10100.00	332.21	0.04	37.42	12.16
10150.00	332.43	0.04	37.58	12.07
10200.00	332.64	0.04	37.75	11.98
10250.00	332.86	0.04	37.91	11.89
10300.00	333.08	0.04	38.07	11.80
10350.00	333.30	0.03	38.23	11.71
10400.00	333.52	0.03	38.40	11.62
10450.00	333.74	0.03	38.55	11.53
10500.00	334.03	0.03	38.67	11.47
10550.00	334.32	0.03	38.78	11.40
10600.00	334.61	0.03	38.90	11.34
10650.00	334.89	0.03	39.01	11.28
10700.00	335.18	0.03	39.13	11.21
10750.00	335.47	0.03	39.25	11.15
10800.00	335.76	0.03	39.36	11.09
10850.00	336.04	0.02	39.48	11.03
10900.00	336.33	0.02	39.59	10.96
10950.00	336.62	0.02	39.71	10.90
11000.00	336.91	0.02	39.82	10.84
11050.00	337.20	0.02	39.94	10.78
11100.00	337.55	0.02	40.03	10.75
11150.00	337.99	0.02	40.08	10.77
11200.00	338.44	0.02	40.14	10.79
11250.00	338.88	0.02	40.19	10.81
11300.00	339.33	0.02	40.24	10.83
11350.00	339.77	0.02	40.30	10.85
11400.00	340.22	0.02	40.35	10.88
11450.00	340.66	0.02	40.40	10.90
11500.00	341.11	0.02	40.46	10.92
11550.00	341.56	0.02	40.51	10.94
11600.00	342.00	0.02	40.57	10.96
11650.00	342.45	0.02	40.62	10.98
11700.00	342.89	0.02	40.67	11.00
11750.00	343.59	0.01	40.56	10.97
11800.00	344.34	0.01	40.42	10.92
11850.00	345.08	0.01	40.27	10.88
11900.00	345.83	0.01	40.13	10.84
11950.00	346.57	0.01	39.99	10.79
12000.00	347.32	0.01	39.85	10.75
12050.00	348.07	0.01	39.70	10.70
12100.00	348.81	0.01	39.56	10.66
12150.00	349.56	0.01	39.42	10.61
12200.00	350.30	0.01	39.27	10.57
12250.00	351.05	0.01	39.13	10.52
12300.00	351.79	0.01	38.99	10.48
12350.00	352.60	0.01	38.77	10.42
12400.00	353.52	0.01	38.42	10.34
12450.00	354.44	0.01	38.06	10.26
12500.00	355.35	0.01	37.71	10.18
12550.00	356.27	0.01	37.36	10.09
12600.00	357.19	0.01	37.01	10.01
12650.00	358.10	0.01	36.66	9.93
12700.00	359.02	0.01	36.31	9.85
12750.00	359.94	0.01	35.95	9.77
12800.00	360.85	0.01	35.60	9.68
12850.00	361.77	0.01	35.25	9.60
12900.00	362.69	0.01	34.90	9.52
12950.00	363.60	0.01	34.55	9.44
13000.00	364.46	0.01	34.09	9.47
13050.00	365.31	0.01	33.63	9.51
13100.00	366.16	0.01	33.16	9.55
13150.00	367.02	0.01	32.70	9.59
13200.00	367.87	0.01	32.23	9.64
13250.00	368.72	0.01	31.77	9.68
13300.00	369.57	0.01	31.30	9.72
13350.00	370.42	0.01	30.84	9.76
13400.00	371.27	0.01	30.37	9.81
13450.00	372.13	0.01	29.90	9.85
13500.00	372.98	0.01	29.44	9.89
13550.00	373.83	0.01	28.97	9.93
13600.00	374.65	0.01	28.60	9.96
13650.00	375.40	0.00	28.39	9.96
13700.00	376.16	0.00	28.18	9.95
13750.00	376.92	0.00	27.97	9.95
13800.00	377.68	0.00	27.75	9.95
13850.00	378.43	0.00	27.54	9.94
13900.00	379.19	0.00	27.33	9.94
13950.00	379.95	0.00	27.12	9.94
14000.00	380.70	0.00	26.91	9.93
14050.00	381.46	0.00	26.70	9.93
14100.00	382.22	0.00	26.49	9.93
14150.00	382.98	0.00	26.28	9.92
14200.00	383.73	0.00	26.07	9.92
14250.00	384.53	0.00	25.95	9.81
14300.00	385.34	0.00	25.85	9.67
14350.00	386.14	0.00	25.76	9.54
14400.00	386.95	0.00	25.66	9.41
14450.00	387.75	0.00	25.56	9.28
14500.00	388.56	0.00	25.46	9.14
14550.00	389.37	0.00	25.36	9.01
14600.00	390.17	0.00	25.27	8.88
14650.00	390.98	0.00	25.17	8.74
14700.00	391.78	0.00	25.07	8.61
14750.00	392.59	0.00	24.97	8.48
14800.00	393.40	0.00	24.88	8.35
14850.00	394.23	0.00	24.75	8.25
14900.00	395.10	0.00	24.57	8.22
14950.00	395.97	0.00	24.39	8.19
15000.00	396.84	0.00	24.21	8.16
15050.00	397.71	0.00	24.04	8.13
15100.00	398.58	0.00	23.86	8.10
15150.00	399.45	0.00	23.68	8.07
15200.00	400.32	0.00	23.50	8.05
15250.00	401.19	0.00	23.32	8.02
15300.00	402.06	0.00	23.14	7.99
15350.00	402.93	0.00	22.97	7.96
15400.00	403.80	0.00	22.79	7.93
15450.00	404.67	0.00	22.61	7.90
15500.00	405.36	0.00	22.46	7.93
15550.00	406.03	0.00	22.31	7.97
15600.00	406.70	0.00	22.17	8.02
15650.00	407.37	0.00	22.02	8.06
15700.00	408.04	0.00	21.87	8.10
15750.00	408.71	0.00	21.73	8.14
15800.00	409.38	0.00	21.58	8.18
15850.00	410.05	0.00	21.43	8.22
15900.00	410.72	0.00	21.29	8.26
15950.00	411.40	0.00	21.14	8.30
16000.00	412.07	0.00	20.99	8.34
16050.00	412.74	0.00	20.85	8.39
16100.00	413.33	0.00	20.79	8.39
16150.00	413.85	0.00	20.83	8.36
16200.00	414.37	0.00	20.86	8.33
16250.00	414.89	0.00	20.90	8.30
16300.00	415.42	0.00	20.93	8.27
16350.00	415.94	0.00	20.97	8.24
16400.00	416.46	0.00	21.01	8.21
16450.00	416.98	0.00	21.04	8.18
16500.00	417.50	0.00	21.08	8.15
16550.00	418.02	0.00	21.11	8.12
16600.00	418.54	0.00	21.15	8.09
16650.00	419.06	0.00	21.18	8.06
16700.00	419.63	0.00	21.24	8.03
16750.00	420.34	0.00	21.36	7.97
16800.00	421.05	0.00	21.47	7.91
16850.00	421.76	0.00	21.59	7.85
16900.00	422.47	0.00	21.71	7.79
16950.00	423.18	0.00	21.83	7.73
17000.00	423.89	0.00	21.94	7.67
17050.00	424.60	0.00	22.06	7.60
17100.00	425.31	0.00	22.18	7.54
17150.00	426.02	0.00	22.30	7.48
17200.00	426.73	0.00	22.42	7.42
17250.00	427.44	0.00	22.53	7.36
17300.00	428.17	0.00	22.64	7.29
17350.00	429.29	0.00	22.52	6.95
17400.00	430.41	0.00	22.40	6.61
17450.00	431.53	0.00	22.28	6.27
17500.00	432.65	0.00	22.16	5.94
17550.00	433.78	0.00	22.05	5.60
17600.00	434.90	0.00	21.93	5.26
17650.00	436.02	0.00	21.81	4.93
17700.00	437.14	0.00	21.69	4.59
17750.00	438.26	0.00	21.58	4.25
17800.00	439.38	0.00	21.46	3.92
17850.00	440.50	0.00	21.34	3.58
17900.00	441.62	0.00	21.22	3.24
17950.00	442.92	0.00	20.26	2.60
18000.00	444.23	0.00	19.24	1.95
18050.00	445.55	0.00	18.22	1.29
18100.00	446.86	0.00	17.21	0.64
18150.00	448.17	0.00	16.19	-0.02
18200.00	449.48	0.00	15.17	-0.67
18250.00	450.80	0.00	14.16	-1.33
18300.00	452.11	0.00	13.14	-1.99
18350.00	453.42	0.00	12.12	-2.64
18400.00	454.74	0.00	11.11	-3.30
18450.00	456.05	0.00	10.09	-3.95
18500.00	457.36	0.00	9.07	-4.61
18550.00	458.15	0.00	8.55	-4.67
18600.00	458.76	0.00	8.19	-4.53
18650.00	459.37	0.00	7.83	-4.39
18700.00	459.98	0.00	7.47	-4.25
18750.00	460.59	0.00	7.11	-4.11
18800.00	461.20	0.00	6.75	-3.97
18850.00	461.81	0.00	6.39	-3.84
18900.00	462.43	0.00	6.03	-3.70
18950.00	463.04	0.00	5.67	-3.56
19000.00	463.65	0.00	5.31	-3.42
19050.00	464.26	0.00	4.95	-3.28
19100.00	464.87	0.00	4.59	-3.14
19150.00	465.77	0.00	4.36	-2.88
19200.00	466.87	0.00	4.22	-2.52
19250.00	467.97	0.00	4.07	-2.17
19300.00	469.07	0.00	3.93	-1.81
19350.00	470.18	0.00	3.79	-1.46
19400.00	471.28	0.00	3.65	-1.11
19450.00	472.38	0.00	3.51	-0.75
19500.00	473.48	0.00	3.37	-0.40
19550.00	474.58	0.00	3.22	-0.04
19600.00	475.68	0.00	3.08	0.31
19650.00	476.78	0.00	2.94	0.66
19700.00	477.88	0.00	2.80	1.02
19750.00	479.16	0.00	2.70	1.20
19800.00	480.60	0.00	2.64	1.22
19850.00	482.05	0.00	2.58	1.24
19900.00	483.49	0.00	2.52	1.25
19950.00	484.94	0.00	2.46	1.27
20000.00	486.39	0.00	2.40	1.28
20050.00	487.83	0.00	2.34	1.30
26050.00	487.83	0.00	2.34	1.30
