961.48	304.85	16.10
0.00	304.85	16.10	9.50	7.46
50.00	304.82	16.00	5.56	6.53
100.00	304.77	15.81	5.94	7.10
150.00	304.75	15.72	6.12	7.41
200.00	304.74	15.65	6.26	7.68
250.00	304.73	15.58	6.39	7.93
300.00	304.73	15.52	6.50	8.16
350.00	304.73	15.46	6.60	8.38
400.00	304.73	15.40	6.70	8.60
450.00	304.74	15.34	6.79	8.81
500.00	304.74	15.29	6.89	9.01
550.00	304.75	15.22	6.99	9.24
600.00	304.77	15.13	7.11	9.48
650.00	304.79	15.04	7.23	9.73
700.00	304.81	14.96	7.35	9.98
750.00	304.86	14.79	7.52	10.27
800.00	304.93	14.56	7.72	10.58
850.00	305.00	14.34	7.92	10.89
900.00	305.07	14.12	8.13	11.20
950.00	305.14	13.89	8.33	11.51
1000.00	305.24	13.63	8.62	11.79
1050.00	305.35	13.37	8.91	12.06
1100.00	305.45	13.12	9.20	12.34
1150.00	305.55	12.86	9.48	12.61
1200.00	305.65	12.60	9.77	12.89
1250.00	305.73	12.40	10.01	13.06
1300.00	305.81	12.23	10.22	13.18
1350.00	305.88	12.07	10.43	13.30
1400.00	305.96	11.90	10.65	13.42
1450.00	306.04	11.73	10.86	13.54
1500.00	306.11	11.56	11.07	13.65
1550.00	306.20	11.38	11.29	13.75
1600.00	306.30	11.17	11.55	13.82
1650.00	306.41	10.95	11.80	13.88
1700.00	306.51	10.74	12.06	13.94
1750.00	306.62	10.53	12.31	14.00
1800.00	306.72	10.31	12.57	14.06
1850.00	306.83	10.10	12.82	14.12
1900.00	306.93	9.89	13.08	14.18
1950.00	307.17	9.53	13.33	14.18
2000.00	307.41	9.16	13.57	14.16
2050.00	307.65	8.79	13.82	14.15
2100.00	307.89	8.42	14.07	14.14
2150.00	308.13	8.05	14.32	14.13
2200.00	308.37	7.68	14.56	14.12
2250.00	308.61	7.31	14.81	14.11
2300.00	308.85	6.94	15.06	14.09
2350.00	309.12	6.59	15.28	14.11
2400.00	309.42	6.26	15.49	14.14
2450.00	309.71	5.93	15.70	14.18
2500.00	310.00	5.59	15.91	14.21
2550.00	310.29	5.26	16.12	14.24
2600.00	310.59	4.93	16.32	14.27
2650.00	310.88	4.60	16.53	14.31
2700.00	311.17	4.27	16.74	14.34
2750.00	311.46	3.93	16.95	14.37
2800.00	311.70	3.69	17.07	14.42
2850.00	311.87	3.55	17.08	14.48
2900.00	312.04	3.40	17.09	14.53
2950.00	312.21	3.26	17.11	14.59
3000.00	312.38	3.12	17.12	14.65
3050.00	312.54	2.98	17.13	14.71
3100.00	312.71	2.83	17.15	14.77
3150.00	312.88	2.69	17.16	14.83
3200.00	313.05	2.55	17.17	14.89
3250.00	313.22	2.41	17.19	14.95
3300.00	313.35	2.33	17.18	14.95
3350.00	313.43	2.33	17.15	14.86
3400.00	313.51	2.33	17.12	14.78
3450.00	313.59	2.34	17.09	14.70
3500.00	313.67	2.34	17.06	14.62
3550.00	313.75	2.34	17.03	14.53
3600.00	313.83	2.35	16.99	14.45
3650.00	313.91	2.35	16.96	14.37
3700.00	313.99	2.35	16.93	14.29
3750.00	314.07	2.36	16.90	14.21
3800.00	314.15	2.36	16.87	14.12
3850.00	314.24	2.36	16.93	13.97
3900.00	314.33	2.37	17.05	13.77
3950.00	314.42	2.38	17.17	13.56
4000.00	314.51	2.39	17.29	13.36
4050.00	314.60	2.40	17.41	13.15
4100.00	314.69	2.41	17.53	12.94
4150.00	314.78	2.41	17.65	12.74
4200.00	314.86	2.42	17.77	12.53
4250.00	314.95	2.43	17.89	12.33
4300.00	315.04	2.44	18.02	12.12
4350.00	315.13	2.45	18.14	11.92
4400.00	315.22	2.46	18.26	11.71
4450.00	315.34	2.39	18.56	11.77
4500.00	315.47	2.30	18.90	11.88
4550.00	315.59	2.22	19.24	11.99
4600.00	315.72	2.13	19.58	12.10
4650.00	315.85	2.05	19.91	12.21
4700.00	315.97	1.96	20.25	12.32
4750.00	316.10	1.88	20.59	12.42
4800.00	316.22	1.79	20.93	12.53
4850.00	316.35	1.71	21.27	12.64
4900.00	316.48	1.62	21.60	12.75
4950.00	316.60	1.54	21.94	12.86
5000.00	316.73	1.45	22.28	12.97
5050.00	316.86	1.38	22.63	13.07
5100.00	317.03	1.37	23.03	13.18
5150.00	317.19	1.35	23.43	13.29
5200.00	317.36	1.34	23.82	13.39
5250.00	317.53	1.33	24.22	13.50
5300.00	317.69	1.31	24.62	13.61
5350.00	317.86	1.30	25.02	13.72
5400.00	318.03	1.29	25.42	13.82
5450.00	318.19	1.28	25.82	13.93
5500.00	318.36	1.26	26.22	14.04
5550.00	318.53	1.25	26.61	14.14
5600.00	318.69	1.24	27.01	14.25
5650.00	318.86	1.22	27.41	14.36
5700.00	319.03	1.21	27.81	14.46
5750.00	319.17	1.19	28.06	14.55
5800.00	319.29	1.18	28.19	14.62
5850.00	319.42	1.16	28.31	14.69
5900.00	319.54	1.14	28.43	14.75
5950.00	319.66	1.13	28.55	14.82
6000.00	319.78	1.11	28.67	14.89
6050.00	319.91	1.09	28.79	14.96
6100.00	320.03	1.07	28.91	15.03
6150.00	320.15	1.06	29.03	15.09
6200.00	320.27	1.04	29.15	15.16
6250.00	320.39	1.02	29.27	15.23
6300.00	320.52	1.00	29.39	15.30
6350.00	320.64	0.99	29.51	15.37
6400.00	320.76	0.97	29.63	15.43
6450.00	320.89	0.95	29.70	15.49
6500.00	321.01	0.92	29.69	15.54
6550.00	321.14	0.89	29.68	15.59
6600.00	321.27	0.86	29.67	15.64
6650.00	321.40	0.83	29.66	15.69
6700.00	321.53	0.80	29.65	15.74
6750.00	321.66	0.78	29.64	15.79
6800.00	321.79	0.75	29.63	15.84
6850.00	321.92	0.72	29.62	15.88
6900.00	322.05	0.69	29.61	15.93
6950.00	322.18	0.66	29.60	15.98
7000.00	322.31	0.63	29.58	16.03
7050.00	322.43	0.60	29.57	16.08
7100.00	322.56	0.57	29.56	16.13
7150.00	322.70	0.55	29.57	16.16
7200.00	322.85	0.53	29.61	16.17
7250.00	322.99	0.51	29.65	16.17
7300.00	323.14	0.49	29.69	16.18
7350.00	323.29	0.47	29.73	16.19
7400.00	323.44	0.45	29.77	16.19
7450.00	323.58	0.43	29.81	16.20
7500.00	323.73	0.41	29.85	16.21
7550.00	323.88	0.40	29.89	16.22
7600.00	324.02	0.38	29.93	16.22
7650.00	324.17	0.36	29.97	16.23
7700.00	324.32	0.34	30.01	16.24
7750.00	324.46	0.32	30.05	16.24
7800.00	324.61	0.30	30.09	16.25
7850.00	324.76	0.29	30.18	16.23
7900.00	324.91	0.28	30.29	16.19
7950.00	325.07	0.27	30.40	16.15
8000.00	325.22	0.26	30.50	16.11
8050.00	325.37	0.25	30.61	16.07
8100.00	325.53	0.24	30.72	16.03
8150.00	325.68	0.23	30.83	15.99
8200.00	325.83	0.22	30.93	15.95
8250.00	325.98	0.21	31.04	15.91
8300.00	326.14	0.20	31.15	15.87
8350.00	326.29	0.19	31.26	15.83
8400.00	326.44	0.18	31.36	15.79
8450.00	326.59	0.17	31.47	15.75
8500.00	326.74	0.16	31.58	15.71
8550.00	326.89	0.16	31.71	15.64
8600.00	327.04	0.15	31.84	15.58
8650.00	327.19	0.15	31.97	15.51
8700.00	327.34	0.14	32.09	15.44
8750.00	327.48	0.14	32.22	15.38
8800.00	327.63	0.13	32.35	15.31
8850.00	327.78	0.13	32.48	15.25
8900.00	327.93	0.12	32.60	15.18
8950.00	328.08	0.12	32.73	15.11
9000.00	328.22	0.11	32.86	15.05
9050.00	328.37	0.11	32.99	14.98
9100.00	328.52	0.10	33.11	14.92
9150.00	328.67	0.10	33.24	14.85
9200.00	328.84	0.09	33.39	14.78
9250.00	329.01	0.09	33.54	14.70
9300.00	329.18	0.09	33.69	14.63
9350.00	329.35	0.08	33.84	14.56
9400.00	329.53	0.08	33.99	14.48
9450.00	329.70	0.08	34.14	14.41
9500.00	329.87	0.07	34.28	14.34
9550.00	330.04	0.07	34.43	14.26
9600.00	330.21	0.07	34.58	14.19
9650.00	330.38	0.06	34.73	14.12
9700.00	330.56	0.06	34.88	14.04
9750.00	330.73	0.06	35.03	13.97
9800.00	330.90	0.05	35.18	13.90
9850.00	331.11	0.05	35.34	13.81
9900.00	331.33	0.05	35.50	13.72
9950.00	331.55	0.05	35.67	13.62
10000.00	331.77	0.05	35.83	13.53
10050.00	331.99	0.04	35.99	13.44
10100.00	332.21	0.04	36.15	13.35
10150.00	332.43	0.04	36.31	13.26
10200.00	332.64	0.04	36.48	13.17
10250.00	332.86	0.04	36.64	13.08
10300.00	333.08	0.04	36.80	12.99
10350.00	333.30	0.03	36.96	12.90
10400.00	333.52	0.03	37.13	12.81
10450.00	333.74	0.03	37.28	12.72
10500.00	334.03	0.03	37.40	12.66
10550.00	334.32	0.03	37.51	12.59
10600.00	334.61	0.03	37.63	12.53
10650.00	334.89	0.03	37.74	12.47
10700.00	335.18	0.03	37.86	12.40
10750.00	335.47	0.03	37.98	12.34
10800.00	335.76	0.03	38.09	12.28
10850.00	336.04	0.02	38.21	12.22
10900.00	336.33	0.02	38.32	12.15
10950.00	336.62	0.02	38.44	12.09
11000.00	336.91	0.02	38.55	12.03
11050.00	337.20	0.02	38.67	11.97
11100.00	337.55	0.02	38.76	11.94
11150.00	337.99	0.02	38.81	11.96
11200.00	338.44	0.02	38.87	11.98
11250.00	338.88	0.02	38.92	12.00
11300.00	339.33	0.02	38.97	12.02
11350.00	339.77	0.02	39.03	12.04
11400.00	340.22	0.02	39.08	12.07
11450.00	340.66	0.02	39.13	12.09
11500.00	341.11	0.02	39.19	12.11
11550.00	341.56	0.02	39.24	12.13
11600.00	342.00	0.02	39.30	12.15
11650.00	342.45	0.02	39.35	12.17
11700.00	342.89	0.02	39.40	12.19
11750.00	343.59	0.01	39.29	12.16
11800.00	344.34	0.01	39.15	12.11
11850.00	345.08	0.01	39.00	12.07
11900.00	345.83	0.01	38.86	12.03
11950.00	346.57	0.01	38.72	11.98
12000.00	347.32	0.01	38.58	11.94
12050.00	348.07	0.01	38.43	11.89
12100.00	348.81	0.01	38.29	11.85
12150.00	349.56	0.01	38.15	11.80
12200.00	350.30	0.01	38.00	11.76
12250.00	351.05	0.01	37.86	11.71
12300.00	351.79	0.01	37.72	11.67
12350.00	352.60	0.01	37.50	11.61
12400.00	353.52	0.01	37.15	11.53
12450.00	354.44	0.01	36.79	11.45
12500.00	355.35	0.01	36.44	11.37
12550.00	356.27	0.01	36.09	11.28
12600.00	357.19	0.01	35.74	11.20
12650.00	358.10	0.01	35.39	11.12
12700.00	359.02	0.01	35.04	11.04
12750.00	359.94	0.01	34.68	10.96
12800.00	360.85	0.01	34.33	10.87
12850.00	361.77	0.01	33.98	10.79
12900.00	362.69	0.01	33.63	10.71
12950.00	363.60	0.01	33.28	10.63
13000.00	364.46	0.01	32.82	10.66
13050.00	365.31	0.01	32.36	10.70
13100.00	366.16	0.01	31.89	10.74
13150.00	367.02	0.01	31.43	10.78
13200.00	367.87	0.01	30.96	10.83
13250.00	368.72	0.01	30.50	10.87
13300.00	369.57	0.01	30.03	10.91
13350.00	370.42	0.01	29.57	10.95
13400.00	371.27	0.01	29.10	11.00
13450.00	372.13	0.01	28.63	11.04
13500.00	372.98	0.01	28.17	11.08
13550.00	373.83	0.01	27.70	11.12
13600.00	374.65	0.01	27.33	11.15
13650.00	375.40	0.00	27.12	11.15
13700.00	376.16	0.00	26.91	11.14
13750.00	376.92	0.00	26.70	11.14
13800.00	377.68	0.00	26.48	11.14
13850.00	378.43	0.00	26.27	11.13
13900.00	379.19	0.00	26.06	11.13
13950.00	379.95	0.00	25.85	11.13
14000.00	380.70	0.00	25.64	11.12
14050.00	381.46	0.00	25.43	11.12
14100.00	382.22	0.00	25.22	11.12
14150.00	382.98	0.00	25.01	11.11
14200.00	383.73	0.00	24.80	11.11
14250.00	384.53	0.00	24.68	11.00
14300.00	385.34	0.00	24.58	10.86
14350.00	386.14	0.00	24.49	10.73
14400.00	386.95	0.00	24.39	10.60
14450.00	387.75	0.00	24.29	10.47
14500.00	388.56	0.00	24.19	10.33
14550.00	389.37	0.00	24.09	10.20
14600.00	390.17	0.00	24.00	10.07
14650.00	390.98	0.00	23.90	9.93
14700.00	391.78	0.00	23.80	9.80
14750.00	392.59	0.00	23.70	9.67
14800.00	393.40	0.00	23.61	9.54
14850.00	394.23	0.00	23.48	9.44
14900.00	395.10	0.00	23.30	9.41
14950.00	395.97	0.00	23.12	9.38
15000.00	396.84	0.00	22.94	9.35
15050.00	397.71	0.00	22.77	9.32
15100.00	398.58	0.00	22.59	9.29
15150.00	399.45	0.00	22.41	9.26
15200.00	400.32	0.00	22.23	9.24
15250.00	401.19	0.00	22.05	9.21
15300.00	402.06	0.00	21.87	9.18
15350.00	402.93	0.00	21.70	9.15
15400.00	403.80	0.00	21.52	9.12
15450.00	404.67	0.00	21.34	9.09
15500.00	405.36	0.00	21.19	9.12
15550.00	406.03	0.00	21.04	9.16
15600.00	406.70	0.00	20.90	9.21
15650.00	407.37	0.00	20.75	9.25
15700.00	408.04	0.00	20.60	9.29
15750.00	408.71	0.00	20.46	9.33
15800.00	409.38	0.00	20.31	9.37
15850.00	410.05	0.00	20.16	9.41
15900.00	410.72	0.00	20.02	9.45
15950.00	411.40	0.00	19.87	9.49
16000.00	412.07	0.00	19.72	9.53
16050.00	412.74	0.00	19.58	9.58
16100.00	413.33	0.00	19.52	9.58
16150.00	413.85	0.00	19.56	9.55
16200.00	414.37	0.00	19.59	9.52
16250.00	414.89	0.00	19.63	9.49
16300.00	415.42	0.00	19.66	9.46
16350.00	415.94	0.00	19.70	9.43
16400.00	416.46	0.00	19.74	9.40
16450.00	416.98	0.00	19.77	9.37
16500.00	417.50	0.00	19.81	9.34
16550.00	418.02	0.00	19.84	9.31
16600.00	418.54	0.00	19.88	9.28
16650.00	419.06	0.00	19.91	9.25
16700.00	419.63	0.00	19.97	9.22
16750.00	420.34	0.00	20.09	9.16
16800.00	421.05	0.00	20.20	9.10
16850.00	421.76	0.00	20.32	9.04
16900.00	422.47	0.00	20.44	8.98
16950.00	423.18	0.00	20.56	8.92
17000.00	423.89	0.00	20.67	8.86
17050.00	424.60	0.00	20.79	8.79
17100.00	425.31	0.00	20.91	8.73
17150.00	426.02	0.00	21.03	8.67
17200.00	426.73	0.00	21.15	8.61
17250.00	427.44	0.00	21.26	8.55
17300.00	428.17	0.00	21.37	8.48
17350.00	429.29	0.00	21.25	8.14
17400.00	430.41	0.00	21.13	7.80
17450.00	431.53	0.00	21.01	7.46
17500.00	432.65	0.00	20.89	7.13
17550.00	433.78	0.00	20.78	6.79
17600.00	434.90	0.00	20.66	6.45
17650.00	436.02	0.00	20.54	6.12
17700.00	437.14	0.00	20.42	5.78
17750.00	438.26	0.00	20.31	5.44
17800.00	439.38	0.00	20.19	5.11
17850.00	440.50	0.00	20.07	4.77
17900.00	441.62	0.00	19.95	4.43
17950.00	442.92	0.00	18.99	3.79
18000.00	444.23	0.00	17.97	3.14
18050.00	445.55	0.00	16.95	2.48
18100.00	446.86	0.00	15.94	1.83
18150.00	448.17	0.00	14.92	1.17
18200.00	449.48	0.00	13.90	0.52
18250.00	450.80	0.00	12.89	-0.14
18300.00	452.11	0.00	11.87	-0.80
18350.00	453.42	0.00	10.85	-1.45
18400.00	454.74	0.00	9.84	-2.11
18450.00	456.05	0.00	8.82	-2.76
18500.00	457.36	0.00	7.80	-3.42
18550.00	458.15	0.00	7.28	-3.48
18600.00	458.76	0.00	6.92	-3.34
18650.00	459.37	0.00	6.56	-3.20
18700.00	459.98	0.00	6.20	-3.06
18750.00	460.59	0.00	5.84	-2.92
18800.00	461.20	0.00	5.48	-2.78
18850.00	461.81	0.00	5.12	-2.65
18900.00	462.43	0.00	4.76	-2.51
18950.00	463.04	0.00	4.40	-2.37
19000.00	463.65	0.00	4.04	-2.23
19050.00	464.26	0.00	3.68	-2.09
19100.00	464.87	0.00	3.32	-1.95
19150.00	465.77	0.00	3.09	-1.69
19200.00	466.87	0.00	2.95	-1.33
19250.00	467.97	0.00	2.80	-0.98
19300.00	469.07	0.00	2.66	-0.62
19350.00	470.18	0.00	2.52	-0.27
19400.00	471.28	0.00	2.38	0.08
19450.00	472.38	0.00	2.24	0.44
19500.00	473.48	0.00	2.10	0.79
19550.00	474.58	0.00	1.95	1.15
19600.00	475.68	0.00	1.81	1.50
19650.00	476.78	0.00	1.67	1.85
19700.00	477.88	0.00	1.53	2.21
19750.00	479.16	0.00	1.43	2.39
19800.00	480.60	0.00	1.37	2.41
19850.00	482.05	0.00	1.31	2.43
19900.00	483.49	0.00	1.25	2.44
19950.00	484.94	0.00	1.19	2.46
20000.00	486.39	0.00	1.13	2.47
20050.00	487.83	0.00	1.07	2.49
