955.35	305.84	15.98
0.00	305.84	15.98	4.00	7.68
50.00	305.81	15.85	3.55	7.79
100.00	305.75	15.63	4.22	8.90
150.00	305.73	15.52	4.53	9.39
200.00	305.72	15.45	4.74	9.70
250.00	305.71	15.38	4.92	9.94
300.00	305.71	15.33	5.05	10.11
350.00	305.71	15.28	5.18	10.26
400.00	305.71	15.24	5.30	10.40
450.00	305.71	15.19	5.40	10.51
500.00	305.71	15.15	5.51	10.62
550.00	305.71	15.10	5.61	10.73
600.00	305.72	15.05	5.72	10.82
650.00	305.73	14.99	5.83	10.92
700.00	305.74	14.94	5.93	11.01
750.00	305.76	14.82	6.13	11.17
800.00	305.80	14.65	6.40	11.36
850.00	305.84	14.49	6.67	11.56
900.00	305.89	14.32	6.94	11.76
950.00	305.93	14.14	7.22	11.96
1000.00	306.04	13.83	7.64	12.20
1050.00	306.14	13.53	8.06	12.44
1100.00	306.25	13.22	8.48	12.68
1150.00	306.36	12.91	8.89	12.92
1200.00	306.46	12.60	9.31	13.16
1250.00	306.57	12.35	9.63	13.32
1300.00	306.66	12.13	9.89	13.44
1350.00	306.76	11.91	10.16	13.55
1400.00	306.86	11.69	10.42	13.66
1450.00	306.96	11.47	10.68	13.78
1500.00	307.06	11.25	10.95	13.89
1550.00	307.16	11.03	11.23	14.01
1600.00	307.29	10.78	11.55	14.13
1650.00	307.43	10.53	11.87	14.25
1700.00	307.56	10.29	12.20	14.37
1750.00	307.69	10.04	12.52	14.49
1800.00	307.82	9.79	12.84	14.61
1850.00	307.95	9.55	13.16	14.74
1900.00	308.08	9.30	13.49	14.86
1950.00	308.34	8.85	13.77	14.97
2000.00	308.60	8.41	14.06	15.09
2050.00	308.85	7.96	14.35	15.20
2100.00	309.11	7.52	14.64	15.32
2150.00	309.37	7.07	14.93	15.43
2200.00	309.63	6.63	15.22	15.55
2250.00	309.89	6.18	15.51	15.66
2300.00	310.15	5.74	15.80	15.77
2350.00	310.39	5.38	16.04	15.81
2400.00	310.64	5.05	16.25	15.82
2450.00	310.88	4.72	16.47	15.82
2500.00	311.12	4.39	16.69	15.83
2550.00	311.36	4.06	16.90	15.84
2600.00	311.61	3.73	17.12	15.84
2650.00	311.85	3.40	17.34	15.85
2700.00	312.09	3.07	17.56	15.86
2750.00	312.34	2.74	17.77	15.86
2800.00	312.52	2.56	17.89	15.79
2850.00	312.66	2.46	17.94	15.67
2900.00	312.81	2.37	17.99	15.56
2950.00	312.95	2.28	18.03	15.44
3000.00	313.10	2.19	18.08	15.32
3050.00	313.24	2.10	18.13	15.20
3100.00	313.39	2.00	18.18	15.08
3150.00	313.53	1.91	18.22	14.96
3200.00	313.67	1.82	18.27	14.84
3250.00	313.82	1.73	18.32	14.72
3300.00	313.93	1.69	18.35	14.60
3350.00	314.03	1.67	18.36	14.47
3400.00	314.13	1.66	18.38	14.34
3450.00	314.23	1.65	18.39	14.21
3500.00	314.33	1.63	18.41	14.08
3550.00	314.42	1.62	18.42	13.95
3600.00	314.52	1.61	18.44	13.82
3650.00	314.62	1.59	18.45	13.69
3700.00	314.72	1.58	18.47	13.56
3750.00	314.82	1.57	18.48	13.44
3800.00	314.91	1.56	18.50	13.31
3850.00	315.02	1.55	18.62	13.21
3900.00	315.14	1.54	18.76	13.12
3950.00	315.25	1.54	18.91	13.04
4000.00	315.36	1.54	19.05	12.95
4050.00	315.47	1.53	19.20	12.86
4100.00	315.58	1.53	19.34	12.77
4150.00	315.70	1.52	19.49	12.68
4200.00	315.81	1.52	19.63	12.59
4250.00	315.92	1.51	19.77	12.51
4300.00	316.03	1.51	19.92	12.42
4350.00	316.14	1.50	20.06	12.33
4400.00	316.26	1.50	20.23	12.26
4450.00	316.39	1.49	20.48	12.25
4500.00	316.52	1.49	20.73	12.23
4550.00	316.65	1.49	20.99	12.22
4600.00	316.79	1.48	21.24	12.21
4650.00	316.92	1.48	21.49	12.20
4700.00	317.05	1.47	21.75	12.19
4750.00	317.18	1.47	22.00	12.17
4800.00	317.31	1.47	22.25	12.16
4850.00	317.45	1.46	22.51	12.15
4900.00	317.58	1.46	22.76	12.14
4950.00	317.71	1.45	23.01	12.13
5000.00	317.84	1.45	23.26	12.12
5050.00	317.96	1.44	23.48	12.14
5100.00	318.08	1.42	23.68	12.18
5150.00	318.20	1.40	23.88	12.22
5200.00	318.32	1.39	24.08	12.27
5250.00	318.44	1.37	24.27	12.31
5300.00	318.56	1.35	24.47	12.36
5350.00	318.68	1.34	24.67	12.40
5400.00	318.79	1.32	24.86	12.44
5450.00	318.91	1.30	25.06	12.49
5500.00	319.03	1.29	25.26	12.53
5550.00	319.15	1.27	25.46	12.58
5600.00	319.27	1.25	25.65	12.62
5650.00	319.39	1.24	25.85	12.66
5700.00	319.51	1.22	26.05	12.71
5750.00	319.61	1.19	26.15	12.78
5800.00	319.72	1.16	26.25	12.85
5850.00	319.82	1.13	26.34	12.93
5900.00	319.93	1.09	26.44	13.00
5950.00	320.03	1.06	26.54	13.07
6000.00	320.14	1.03	26.64	13.15
6050.00	320.24	1.00	26.74	13.22
6100.00	320.35	0.97	26.84	13.29
6150.00	320.45	0.94	26.93	13.37
6200.00	320.56	0.91	27.03	13.44
6250.00	320.66	0.88	27.13	13.51
6300.00	320.77	0.85	27.23	13.59
6350.00	320.87	0.82	27.33	13.66
6400.00	320.98	0.79	27.43	13.73
6450.00	321.11	0.76	27.53	13.82
6500.00	321.25	0.73	27.62	13.90
6550.00	321.39	0.70	27.72	13.98
6600.00	321.53	0.67	27.82	14.06
6650.00	321.66	0.64	27.92	14.14
6700.00	321.80	0.61	28.02	14.23
6750.00	321.94	0.58	28.12	14.31
6800.00	322.07	0.56	28.22	14.39
6850.00	322.21	0.53	28.32	14.47
6900.00	322.35	0.50	28.41	14.55
6950.00	322.49	0.47	28.51	14.63
7000.00	322.62	0.44	28.61	14.72
7050.00	322.76	0.41	28.71	14.80
7100.00	322.90	0.38	28.81	14.88
7150.00	323.07	0.37	28.95	14.93
7200.00	323.24	0.36	29.08	14.99
7250.00	323.41	0.34	29.21	15.05
7300.00	323.58	0.33	29.35	15.10
7350.00	323.74	0.31	29.48	15.16
7400.00	323.91	0.30	29.62	15.22
7450.00	324.08	0.28	29.75	15.27
7500.00	324.25	0.27	29.89	15.33
7550.00	324.42	0.25	30.02	15.39
7600.00	324.59	0.24	30.16	15.44
7650.00	324.76	0.23	30.29	15.50
7700.00	324.93	0.21	30.43	15.56
7750.00	325.10	0.20	30.56	15.61
7800.00	325.26	0.19	30.69	15.64
7850.00	325.42	0.18	30.81	15.63
7900.00	325.58	0.18	30.92	15.61
7950.00	325.74	0.17	31.04	15.60
8000.00	325.90	0.16	31.16	15.58
8050.00	326.05	0.16	31.28	15.57
8100.00	326.21	0.15	31.39	15.56
8150.00	326.37	0.15	31.51	15.54
8200.00	326.53	0.14	31.63	15.53
8250.00	326.69	0.14	31.75	15.51
8300.00	326.84	0.13	31.86	15.50
8350.00	327.00	0.13	31.98	15.49
8400.00	327.16	0.12	32.10	15.47
8450.00	327.32	0.12	32.22	15.46
8500.00	327.47	0.11	32.32	15.38
8550.00	327.61	0.11	32.41	15.30
8600.00	327.76	0.11	32.51	15.21
8650.00	327.91	0.11	32.61	15.13
8700.00	328.06	0.10	32.71	15.05
8750.00	328.20	0.10	32.80	14.97
8800.00	328.35	0.10	32.90	14.89
8850.00	328.50	0.10	33.00	14.81
8900.00	328.65	0.09	33.09	14.72
8950.00	328.79	0.09	33.19	14.64
9000.00	328.94	0.09	33.29	14.56
9050.00	329.09	0.09	33.39	14.48
9100.00	329.23	0.08	33.48	14.40
9150.00	329.40	0.08	33.58	14.29
9200.00	329.57	0.08	33.68	14.18
9250.00	329.74	0.08	33.78	14.07
9300.00	329.91	0.07	33.88	13.95
9350.00	330.08	0.07	33.98	13.84
9400.00	330.25	0.07	34.08	13.73
9450.00	330.42	0.07	34.18	13.61
9500.00	330.59	0.07	34.28	13.50
9550.00	330.76	0.07	34.38	13.39
9600.00	330.93	0.06	34.48	13.28
9650.00	331.10	0.06	34.58	13.16
9700.00	331.27	0.06	34.68	13.05
9750.00	331.44	0.06	34.78	12.94
9800.00	331.65	0.06	34.88	12.85
9850.00	331.87	0.05	34.99	12.77
9900.00	332.10	0.05	35.09	12.69
9950.00	332.32	0.05	35.19	12.61
10000.00	332.54	0.05	35.29	12.53
10050.00	332.77	0.05	35.39	12.45
10100.00	332.99	0.04	35.50	12.37
10150.00	333.21	0.04	35.60	12.29
10200.00	333.44	0.04	35.70	12.21
10250.00	333.66	0.04	35.80	12.13
10300.00	333.88	0.04	35.91	12.05
10350.00	334.11	0.04	36.01	11.97
10400.00	334.33	0.03	36.11	11.89
10450.00	334.61	0.03	36.18	11.86
10500.00	334.89	0.03	36.24	11.83
10550.00	335.17	0.03	36.31	11.81
10600.00	335.45	0.03	36.37	11.78
10650.00	335.74	0.03	36.44	11.75
10700.00	336.02	0.03	36.50	11.73
10750.00	336.30	0.03	36.57	11.70
10800.00	336.58	0.02	36.63	11.68
10850.00	336.86	0.02	36.69	11.65
10900.00	337.15	0.02	36.76	11.63
10950.00	337.43	0.02	36.82	11.60
11000.00	337.71	0.02	36.89	11.57
11050.00	338.02	0.02	36.94	11.55
11100.00	338.44	0.02	36.94	11.57
11150.00	338.87	0.02	36.94	11.58
11200.00	339.29	0.02	36.93	11.59
11250.00	339.72	0.02	36.93	11.60
11300.00	340.15	0.02	36.93	11.61
11350.00	340.57	0.01	36.93	11.62
11400.00	341.00	0.01	36.92	11.64
11450.00	341.42	0.01	36.92	11.65
11500.00	341.85	0.01	36.92	11.66
11550.00	342.28	0.01	36.92	11.67
11600.00	342.70	0.01	36.91	11.68
11650.00	343.13	0.01	36.91	11.69
11700.00	343.69	0.01	36.83	11.69
11750.00	344.35	0.01	36.71	11.67
11800.00	345.01	0.01	36.58	11.66
11850.00	345.67	0.01	36.46	11.64
11900.00	346.33	0.01	36.33	11.63
11950.00	346.99	0.01	36.21	11.61
12000.00	347.65	0.01	36.08	11.60
12050.00	348.31	0.01	35.96	11.58
12100.00	348.97	0.01	35.83	11.57
12150.00	349.63	0.01	35.70	11.55
12200.00	350.29	0.01	35.58	11.54
12250.00	350.95	0.01	35.45	11.52
12300.00	351.63	0.01	35.31	11.50
12350.00	352.49	0.01	35.05	11.44
12400.00	353.36	0.01	34.79	11.37
12450.00	354.22	0.01	34.53	11.31
12500.00	355.08	0.01	34.27	11.25
12550.00	355.95	0.01	34.01	11.18
12600.00	356.81	0.01	33.75	11.12
12650.00	357.67	0.01	33.49	11.06
12700.00	358.53	0.01	33.23	10.99
12750.00	359.40	0.01	32.97	10.93
12800.00	360.26	0.01	32.71	10.87
12850.00	361.12	0.01	32.45	10.80
12900.00	361.99	0.01	32.19	10.74
12950.00	362.86	0.01	31.90	10.68
13000.00	363.75	0.01	31.59	10.63
13050.00	364.63	0.01	31.27	10.57
13100.00	365.52	0.01	30.96	10.52
13150.00	366.40	0.01	30.65	10.46
13200.00	367.29	0.01	30.33	10.40
13250.00	368.17	0.01	30.02	10.35
13300.00	369.06	0.01	29.71	10.29
13350.00	369.94	0.01	29.40	10.24
13400.00	370.83	0.01	29.08	10.18
13450.00	371.71	0.01	28.77	10.13
13500.00	372.60	0.01	28.46	10.07
13550.00	373.48	0.01	28.15	10.02
13600.00	374.30	0.01	27.88	10.00
13650.00	375.13	0.01	27.61	9.97
13700.00	375.96	0.01	27.34	9.94
13750.00	376.79	0.00	27.08	9.91
13800.00	377.62	0.00	26.81	9.89
13850.00	378.45	0.00	26.54	9.86
13900.00	379.28	0.00	26.27	9.83
13950.00	380.11	0.00	26.00	9.81
14000.00	380.94	0.00	25.73	9.78
14050.00	381.77	0.00	25.46	9.75
14100.00	382.60	0.00	25.19	9.73
14150.00	383.43	0.00	24.92	9.70
14200.00	384.21	0.00	24.73	9.68
14250.00	384.97	0.00	24.58	9.66
14300.00	385.73	0.00	24.43	9.64
14350.00	386.49	0.00	24.28	9.62
14400.00	387.25	0.00	24.13	9.59
14450.00	388.00	0.00	23.98	9.57
14500.00	388.76	0.00	23.83	9.55
14550.00	389.52	0.00	23.68	9.53
14600.00	390.28	0.00	23.53	9.51
14650.00	391.04	0.00	23.37	9.49
14700.00	391.80	0.00	23.22	9.47
14750.00	392.56	0.00	23.07	9.45
14800.00	393.30	0.00	22.94	9.43
14850.00	393.98	0.00	22.89	9.42
14900.00	394.66	0.00	22.84	9.41
14950.00	395.34	0.00	22.79	9.41
15000.00	396.02	0.00	22.75	9.40
15050.00	396.70	0.00	22.70	9.39
15100.00	397.38	0.00	22.65	9.38
15150.00	398.06	0.00	22.60	9.37
15200.00	398.74	0.00	22.55	9.37
15250.00	399.42	0.00	22.50	9.36
15300.00	400.10	0.00	22.45	9.35
15350.00	400.79	0.00	22.40	9.34
15400.00	401.47	0.00	22.35	9.33
15450.00	402.09	0.00	22.30	9.33
15500.00	402.71	0.00	22.25	9.33
15550.00	403.33	0.00	22.21	9.33
15600.00	403.94	0.00	22.16	9.33
15650.00	404.56	0.00	22.11	9.33
15700.00	405.18	0.00	22.06	9.33
15750.00	405.79	0.00	22.01	9.34
15800.00	406.41	0.00	21.97	9.34
15850.00	407.02	0.00	21.92	9.34
15900.00	407.64	0.00	21.87	9.34
15950.00	408.26	0.00	21.82	9.34
16000.00	408.87	0.00	21.78	9.34
16050.00	409.49	0.00	21.79	9.41
16100.00	410.11	0.00	21.87	9.56
16150.00	410.72	0.00	21.95	9.71
16200.00	411.34	0.00	22.03	9.87
16250.00	411.96	0.00	22.10	10.02
16300.00	412.58	0.00	22.18	10.17
16350.00	413.19	0.00	22.26	10.32
16400.00	413.81	0.00	22.34	10.47
16450.00	414.43	0.00	22.42	10.62
16500.00	415.05	0.00	22.49	10.77
16550.00	415.66	0.00	22.57	10.92
16600.00	416.28	0.00	22.65	11.07
16650.00	416.95	0.00	22.77	11.22
16700.00	417.73	0.00	22.98	11.38
16750.00	418.50	0.00	23.19	11.55
16800.00	419.27	0.00	23.40	11.71
16850.00	420.05	0.00	23.61	11.87
16900.00	420.82	0.00	23.82	12.03
16950.00	421.60	0.00	24.03	12.19
17000.00	422.37	0.00	24.24	12.36
17050.00	423.14	0.00	24.45	12.52
17100.00	423.92	0.00	24.66	12.68
17150.00	424.69	0.00	24.87	12.84
17200.00	425.47	0.00	25.08	13.00
17250.00	426.36	0.00	25.20	12.97
17300.00	427.59	0.00	25.03	12.35
17350.00	428.83	0.00	24.87	11.73
17400.00	430.07	0.00	24.70	11.11
17450.00	431.31	0.00	24.54	10.49
17500.00	432.55	0.00	24.37	9.86
17550.00	433.79	0.00	24.21	9.24
17600.00	435.02	0.00	24.05	8.62
17650.00	436.26	0.00	23.88	8.00
17700.00	437.50	0.00	23.72	7.38
17750.00	438.74	0.00	23.55	6.76
17800.00	439.98	0.00	23.39	6.14
17850.00	441.26	0.00	23.04	5.47
17900.00	442.80	0.00	21.73	4.59
17950.00	444.33	0.00	20.41	3.71
18000.00	445.87	0.00	19.10	2.84
18050.00	447.40	0.00	17.79	1.96
18100.00	448.93	0.00	16.48	1.08
18150.00	450.47	0.00	15.17	0.20
18200.00	452.00	0.00	13.85	-0.68
18250.00	453.53	0.00	12.54	-1.56
18300.00	455.07	0.00	11.23	-2.44
18350.00	456.60	0.00	9.92	-3.32
18400.00	458.14	0.00	8.61	-4.20
18450.00	459.67	0.00	7.30	-5.08
18500.00	460.17	0.00	6.84	-4.94
18550.00	460.62	0.00	6.44	-4.76
18600.00	461.07	0.00	6.03	-4.57
18650.00	461.53	0.00	5.62	-4.39
18700.00	461.98	0.00	5.21	-4.20
18750.00	462.43	0.00	4.80	-4.02
18800.00	462.88	0.00	4.39	-3.83
18850.00	463.33	0.00	3.99	-3.64
18900.00	463.78	0.00	3.58	-3.46
18950.00	464.23	0.00	3.17	-3.27
19000.00	464.68	0.00	2.76	-3.09
19050.00	465.13	0.00	2.35	-2.90
19100.00	466.07	0.00	2.25	-2.57
19150.00	467.15	0.00	2.25	-2.20
19200.00	468.24	0.00	2.26	-1.82
19250.00	469.33	0.00	2.26	-1.44
19300.00	470.41	0.00	2.26	-1.07
19350.00	471.50	0.00	2.26	-0.69
19400.00	472.59	0.00	2.26	-0.32
19450.00	473.68	0.00	2.26	0.06
19500.00	474.76	0.00	2.26	0.44
19550.00	475.85	0.00	2.26	0.81
19600.00	476.94	0.00	2.26	1.19
19650.00	478.03	0.00	2.26	1.56
19700.00	479.31	0.00	2.11	1.79
19750.00	480.70	0.00	1.89	1.95
19800.00	482.09	0.00	1.67	2.10
19850.00	483.48	0.00	1.45	2.26
19900.00	484.86	0.00	1.23	2.41
19950.00	486.25	0.00	1.01	2.57
20000.00	487.64	0.00	0.79	2.72
20050.00	489.03	0.00	0.57	2.88
