955.35	305.84	15.98
0.00	305.84	15.98	4.06	8.43
50.00	305.81	15.85	6.72	7.85
100.00	305.75	15.63	7.39	8.96
150.00	305.73	15.52	7.70	9.45
200.00	305.72	15.45	7.91	9.76
250.00	305.71	15.38	8.09	10.00
300.00	305.71	15.33	8.22	10.17
350.00	305.71	15.28	8.35	10.32
400.00	305.71	15.24	8.47	10.46
450.00	305.71	15.19	8.57	10.57
500.00	305.71	15.15	8.68	10.68
550.00	305.71	15.10	8.78	10.79
600.00	305.72	15.05	8.89	10.88
650.00	305.73	14.99	9.00	10.98
700.00	305.74	14.94	9.10	11.07
750.00	305.76	14.82	9.30	11.23
800.00	305.80	14.65	9.57	11.42
850.00	305.84	14.49	9.84	11.62
900.00	305.89	14.32	10.11	11.82
950.00	305.93	14.14	10.39	12.02
1000.00	306.04	13.83	10.81	12.26
1050.00	306.14	13.53	11.23	12.50
1100.00	306.25	13.22	11.65	12.74
1150.00	306.36	12.91	12.06	12.98
1200.00	306.46	12.60	12.48	13.22
1250.00	306.57	12.35	12.80	13.38
1300.00	306.66	12.13	13.06	13.50
1350.00	306.76	11.91	13.33	13.61
1400.00	306.86	11.69	13.59	13.72
1450.00	306.96	11.47	13.85	13.84
1500.00	307.06	11.25	14.12	13.95
1550.00	307.16	11.03	14.40	14.07
1600.00	307.29	10.78	14.72	14.19
1650.00	307.43	10.53	15.04	14.31
1700.00	307.56	10.29	15.37	14.43
1750.00	307.69	10.04	15.69	14.55
1800.00	307.82	9.79	16.01	14.67
1850.00	307.95	9.55	16.33	14.80
1900.00	308.08	9.30	16.66	14.92
1950.00	308.34	8.85	16.94	15.03
2000.00	308.60	8.41	17.23	15.15
2050.00	308.85	7.96	17.52	15.26
2100.00	309.11	7.52	17.81	15.38
2150.00	309.37	7.07	18.10	15.49
2200.00	309.63	6.63	18.39	15.61
2250.00	309.89	6.18	18.68	15.72
2300.00	310.15	5.74	18.97	15.83
2350.00	310.39	5.38	19.21	15.87
2400.00	310.64	5.05	19.42	15.88
2450.00	310.88	4.72	19.64	15.88
2500.00	311.12	4.39	19.86	15.89
2550.00	311.36	4.06	20.07	15.90
2600.00	311.61	3.73	20.29	15.90
2650.00	311.85	3.40	20.51	15.91
2700.00	312.09	3.07	20.73	15.92
2750.00	312.34	2.74	20.94	15.92
2800.00	312.52	2.56	21.06	15.85
2850.00	312.66	2.46	21.11	15.73
2900.00	312.81	2.37	21.16	15.62
2950.00	312.95	2.28	21.20	15.50
3000.00	313.10	2.19	21.25	15.38
3050.00	313.24	2.10	21.30	15.26
3100.00	313.39	2.00	21.35	15.14
3150.00	313.53	1.91	21.39	15.02
3200.00	313.67	1.82	21.44	14.90
3250.00	313.82	1.73	21.49	14.78
3300.00	313.93	1.69	21.52	14.66
3350.00	314.03	1.67	21.53	14.53
3400.00	314.13	1.66	21.55	14.40
3450.00	314.23	1.65	21.56	14.27
3500.00	314.33	1.63	21.58	14.14
3550.00	314.42	1.62	21.59	14.01
3600.00	314.52	1.61	21.61	13.88
3650.00	314.62	1.59	21.62	13.75
3700.00	314.72	1.58	21.64	13.62
3750.00	314.82	1.57	21.65	13.50
3800.00	314.91	1.56	21.67	13.37
3850.00	315.02	1.55	21.79	13.27
3900.00	315.14	1.54	21.93	13.18
3950.00	315.25	1.54	22.08	13.10
4000.00	315.36	1.54	22.22	13.01
4050.00	315.47	1.53	22.37	12.92
4100.00	315.58	1.53	22.51	12.83
4150.00	315.70	1.52	22.66	12.74
4200.00	315.81	1.52	22.80	12.65
4250.00	315.92	1.51	22.94	12.57
4300.00	316.03	1.51	23.09	12.48
4350.00	316.14	1.50	23.23	12.39
4400.00	316.26	1.50	23.40	12.32
4450.00	316.39	1.49	23.65	12.31
4500.00	316.52	1.49	23.90	12.29
4550.00	316.65	1.49	24.16	12.28
4600.00	316.79	1.48	24.41	12.27
4650.00	316.92	1.48	24.66	12.26
4700.00	317.05	1.47	24.92	12.25
4750.00	317.18	1.47	25.17	12.23
4800.00	317.31	1.47	25.42	12.22
4850.00	317.45	1.46	25.68	12.21
4900.00	317.58	1.46	25.93	12.20
4950.00	317.71	1.45	26.18	12.19
5000.00	317.84	1.45	26.43	12.18
5050.00	317.96	1.44	26.65	12.20
5100.00	318.08	1.42	26.85	12.24
5150.00	318.20	1.40	27.05	12.28
5200.00	318.32	1.39	27.25	12.33
5250.00	318.44	1.37	27.44	12.37
5300.00	318.56	1.35	27.64	12.42
5350.00	318.68	1.34	27.84	12.46
5400.00	318.79	1.32	28.03	12.50
5450.00	318.91	1.30	28.23	12.55
5500.00	319.03	1.29	28.43	12.59
5550.00	319.15	1.27	28.63	12.64
5600.00	319.27	1.25	28.82	12.68
5650.00	319.39	1.24	29.02	12.72
5700.00	319.51	1.22	29.22	12.77
5750.00	319.61	1.19	29.32	12.84
5800.00	319.72	1.16	29.42	12.91
5850.00	319.82	1.13	29.51	12.99
5900.00	319.93	1.09	29.61	13.06
5950.00	320.03	1.06	29.71	13.13
6000.00	320.14	1.03	29.81	13.21
6050.00	320.24	1.00	29.91	13.28
6100.00	320.35	0.97	30.01	13.35
6150.00	320.45	0.94	30.10	13.43
6200.00	320.56	0.91	30.20	13.50
6250.00	320.66	0.88	30.30	13.57
6300.00	320.77	0.85	30.40	13.65
6350.00	320.87	0.82	30.50	13.72
6400.00	320.98	0.79	30.60	13.79
6450.00	321.11	0.76	30.70	13.88
6500.00	321.25	0.73	30.79	13.96
6550.00	321.39	0.70	30.89	14.04
6600.00	321.53	0.67	30.99	14.12
6650.00	321.66	0.64	31.09	14.20
6700.00	321.80	0.61	31.19	14.29
6750.00	321.94	0.58	31.29	14.37
6800.00	322.07	0.56	31.39	14.45
6850.00	322.21	0.53	31.49	14.53
6900.00	322.35	0.50	31.58	14.61
6950.00	322.49	0.47	31.68	14.69
7000.00	322.62	0.44	31.78	14.78
7050.00	322.76	0.41	31.88	14.86
7100.00	322.90	0.38	31.98	14.94
7150.00	323.07	0.37	32.12	14.99
7200.00	323.24	0.36	32.25	15.05
7250.00	323.41	0.34	32.38	15.11
7300.00	323.58	0.33	32.52	15.16
7350.00	323.74	0.31	32.65	15.22
7400.00	323.91	0.30	32.79	15.28
7450.00	324.08	0.28	32.92	15.33
7500.00	324.25	0.27	33.06	15.39
7550.00	324.42	0.25	33.19	15.45
7600.00	324.59	0.24	33.33	15.50
7650.00	324.76	0.23	33.46	15.56
7700.00	324.93	0.21	33.60	15.62
7750.00	325.10	0.20	33.73	15.67
7800.00	325.26	0.19	33.86	15.70
7850.00	325.42	0.18	33.98	15.69
7900.00	325.58	0.18	34.09	15.67
7950.00	325.74	0.17	34.21	15.66
8000.00	325.90	0.16	34.33	15.64
8050.00	326.05	0.16	34.45	15.63
8100.00	326.21	0.15	34.56	15.62
8150.00	326.37	0.15	34.68	15.60
8200.00	326.53	0.14	34.80	15.59
8250.00	326.69	0.14	34.92	15.57
8300.00	326.84	0.13	35.03	15.56
8350.00	327.00	0.13	35.15	15.55
8400.00	327.16	0.12	35.27	15.53
8450.00	327.32	0.12	35.39	15.52
8500.00	327.47	0.11	35.49	15.44
8550.00	327.61	0.11	35.58	15.36
8600.00	327.76	0.11	35.68	15.27
8650.00	327.91	0.11	35.78	15.19
8700.00	328.06	0.10	35.88	15.11
8750.00	328.20	0.10	35.97	15.03
8800.00	328.35	0.10	36.07	14.95
8850.00	328.50	0.10	36.17	14.87
8900.00	328.65	0.09	36.26	14.78
8950.00	328.79	0.09	36.36	14.70
9000.00	328.94	0.09	36.46	14.62
9050.00	329.09	0.09	36.56	14.54
9100.00	329.23	0.08	36.65	14.46
9150.00	329.40	0.08	36.75	14.35
9200.00	329.57	0.08	36.85	14.24
9250.00	329.74	0.08	36.95	14.13
9300.00	329.91	0.07	37.05	14.01
9350.00	330.08	0.07	37.15	13.90
9400.00	330.25	0.07	37.25	13.79
9450.00	330.42	0.07	37.35	13.67
9500.00	330.59	0.07	37.45	13.56
9550.00	330.76	0.07	37.55	13.45
9600.00	330.93	0.06	37.65	13.34
9650.00	331.10	0.06	37.75	13.22
9700.00	331.27	0.06	37.85	13.11
9750.00	331.44	0.06	37.95	13.00
9800.00	331.65	0.06	38.05	12.91
9850.00	331.87	0.05	38.16	12.83
9900.00	332.10	0.05	38.26	12.75
9950.00	332.32	0.05	38.36	12.67
10000.00	332.54	0.05	38.46	12.59
10050.00	332.77	0.05	38.56	12.51
10100.00	332.99	0.04	38.67	12.43
10150.00	333.21	0.04	38.77	12.35
10200.00	333.44	0.04	38.87	12.27
10250.00	333.66	0.04	38.97	12.19
10300.00	333.88	0.04	39.08	12.11
10350.00	334.11	0.04	39.18	12.03
10400.00	334.33	0.03	39.28	11.95
10450.00	334.61	0.03	39.35	11.92
10500.00	334.89	0.03	39.41	11.89
10550.00	335.17	0.03	39.48	11.87
10600.00	335.45	0.03	39.54	11.84
10650.00	335.74	0.03	39.61	11.81
10700.00	336.02	0.03	39.67	11.79
10750.00	336.30	0.03	39.74	11.76
10800.00	336.58	0.02	39.80	11.74
10850.00	336.86	0.02	39.86	11.71
10900.00	337.15	0.02	39.93	11.69
10950.00	337.43	0.02	39.99	11.66
11000.00	337.71	0.02	40.06	11.63
11050.00	338.02	0.02	40.11	11.61
11100.00	338.44	0.02	40.11	11.63
11150.00	338.87	0.02	40.11	11.64
11200.00	339.29	0.02	40.10	11.65
11250.00	339.72	0.02	40.10	11.66
11300.00	340.15	0.02	40.10	11.67
11350.00	340.57	0.01	40.10	11.68
11400.00	341.00	0.01	40.09	11.70
11450.00	341.42	0.01	40.09	11.71
11500.00	341.85	0.01	40.09	11.72
11550.00	342.28	0.01	40.09	11.73
11600.00	342.70	0.01	40.08	11.74
11650.00	343.13	0.01	40.08	11.75
11700.00	343.69	0.01	40.00	11.75
11750.00	344.35	0.01	39.88	11.73
11800.00	345.01	0.01	39.75	11.72
11850.00	345.67	0.01	39.63	11.70
11900.00	346.33	0.01	39.50	11.69
11950.00	346.99	0.01	39.38	11.67
12000.00	347.65	0.01	39.25	11.66
12050.00	348.31	0.01	39.13	11.64
12100.00	348.97	0.01	39.00	11.63
12150.00	349.63	0.01	38.87	11.61
12200.00	350.29	0.01	38.75	11.60
12250.00	350.95	0.01	38.62	11.58
12300.00	351.63	0.01	38.48	11.56
12350.00	352.49	0.01	38.22	11.50
12400.00	353.36	0.01	37.96	11.43
12450.00	354.22	0.01	37.70	11.37
12500.00	355.08	0.01	37.44	11.31
12550.00	355.95	0.01	37.18	11.24
12600.00	356.81	0.01	36.92	11.18
12650.00	357.67	0.01	36.66	11.12
12700.00	358.53	0.01	36.40	11.05
12750.00	359.40	0.01	36.14	10.99
12800.00	360.26	0.01	35.88	10.93
12850.00	361.12	0.01	35.62	10.86
12900.00	361.99	0.01	35.36	10.80
12950.00	362.86	0.01	35.07	10.74
13000.00	363.75	0.01	34.76	10.69
13050.00	364.63	0.01	34.44	10.63
13100.00	365.52	0.01	34.13	10.58
13150.00	366.40	0.01	33.82	10.52
13200.00	367.29	0.01	33.50	10.46
13250.00	368.17	0.01	33.19	10.41
13300.00	369.06	0.01	32.88	10.35
13350.00	369.94	0.01	32.57	10.30
13400.00	370.83	0.01	32.25	10.24
13450.00	371.71	0.01	31.94	10.19
13500.00	372.60	0.01	31.63	10.13
13550.00	373.48	0.01	31.32	10.08
13600.00	374.30	0.01	31.05	10.06
13650.00	375.13	0.01	30.78	10.03
13700.00	375.96	0.01	30.51	10.00
13750.00	376.79	0.00	30.25	9.97
13800.00	377.62	0.00	29.98	9.95
13850.00	378.45	0.00	29.71	9.92
13900.00	379.28	0.00	29.44	9.89
13950.00	380.11	0.00	29.17	9.87
14000.00	380.94	0.00	28.90	9.84
14050.00	381.77	0.00	28.63	9.81
14100.00	382.60	0.00	28.36	9.79
14150.00	383.43	0.00	28.09	9.76
14200.00	384.21	0.00	27.90	9.74
14250.00	384.97	0.00	27.75	9.72
14300.00	385.73	0.00	27.60	9.70
14350.00	386.49	0.00	27.45	9.68
14400.00	387.25	0.00	27.30	9.65
14450.00	388.00	0.00	27.15	9.63
14500.00	388.76	0.00	27.00	9.61
14550.00	389.52	0.00	26.85	9.59
14600.00	390.28	0.00	26.70	9.57
14650.00	391.04	0.00	26.54	9.55
14700.00	391.80	0.00	26.39	9.53
14750.00	392.56	0.00	26.24	9.51
14800.00	393.30	0.00	26.11	9.49
14850.00	393.98	0.00	26.06	9.48
14900.00	394.66	0.00	26.01	9.47
14950.00	395.34	0.00	25.96	9.47
15000.00	396.02	0.00	25.92	9.46
15050.00	396.70	0.00	25.87	9.45
15100.00	397.38	0.00	25.82	9.44
15150.00	398.06	0.00	25.77	9.43
15200.00	398.74	0.00	25.72	9.43
15250.00	399.42	0.00	25.67	9.42
15300.00	400.10	0.00	25.62	9.41
15350.00	400.79	0.00	25.57	9.40
15400.00	401.47	0.00	25.52	9.39
15450.00	402.09	0.00	25.47	9.39
15500.00	402.71	0.00	25.42	9.39
15550.00	403.33	0.00	25.38	9.39
15600.00	403.94	0.00	25.33	9.39
15650.00	404.56	0.00	25.28	9.39
15700.00	405.18	0.00	25.23	9.39
15750.00	405.79	0.00	25.18	9.40
15800.00	406.41	0.00	25.14	9.40
15850.00	407.02	0.00	25.09	9.40
15900.00	407.64	0.00	25.04	9.40
15950.00	408.26	0.00	24.99	9.40
16000.00	408.87	0.00	24.95	9.40
16050.00	409.49	0.00	24.96	9.47
16100.00	410.11	0.00	25.04	9.62
16150.00	410.72	0.00	25.12	9.77
16200.00	411.34	0.00	25.20	9.93
16250.00	411.96	0.00	25.27	10.08
16300.00	412.58	0.00	25.35	10.23
16350.00	413.19	0.00	25.43	10.38
16400.00	413.81	0.00	25.51	10.53
16450.00	414.43	0.00	25.59	10.68
16500.00	415.05	0.00	25.66	10.83
16550.00	415.66	0.00	25.74	10.98
16600.00	416.28	0.00	25.82	11.13
16650.00	416.95	0.00	25.94	11.28
16700.00	417.73	0.00	26.15	11.44
16750.00	418.50	0.00	26.36	11.61
16800.00	419.27	0.00	26.57	11.77
16850.00	420.05	0.00	26.78	11.93
16900.00	420.82	0.00	26.99	12.09
16950.00	421.60	0.00	27.20	12.25
17000.00	422.37	0.00	27.41	12.42
17050.00	423.14	0.00	27.62	12.58
17100.00	423.92	0.00	27.83	12.74
17150.00	424.69	0.00	28.04	12.90
17200.00	425.47	0.00	28.25	13.06
17250.00	426.36	0.00	28.37	13.03
17300.00	427.59	0.00	28.20	12.41
17350.00	428.83	0.00	28.04	11.79
17400.00	430.07	0.00	27.87	11.17
17450.00	431.31	0.00	27.71	10.55
17500.00	432.55	0.00	27.54	9.92
17550.00	433.79	0.00	27.38	9.30
17600.00	435.02	0.00	27.22	8.68
17650.00	436.26	0.00	27.05	8.06
17700.00	437.50	0.00	26.89	7.44
17750.00	438.74	0.00	26.72	6.82
17800.00	439.98	0.00	26.56	6.20
17850.00	441.26	0.00	26.21	5.53
17900.00	442.80	0.00	24.90	4.65
17950.00	444.33	0.00	23.58	3.77
18000.00	445.87	0.00	22.27	2.90
18050.00	447.40	0.00	20.96	2.02
18100.00	448.93	0.00	19.65	1.14
18150.00	450.47	0.00	18.34	0.26
18200.00	452.00	0.00	17.02	-0.62
18250.00	453.53	0.00	15.71	-1.50
18300.00	455.07	0.00	14.40	-2.38
18350.00	456.60	0.00	13.09	-3.26
18400.00	458.14	0.00	11.78	-4.14
18450.00	459.67	0.00	10.47	-5.02
18500.00	460.17	0.00	10.01	-4.88
18550.00	460.62	0.00	9.61	-4.70
18600.00	461.07	0.00	9.20	-4.51
18650.00	461.53	0.00	8.79	-4.33
18700.00	461.98	0.00	8.38	-4.14
18750.00	462.43	0.00	7.97	-3.96
18800.00	462.88	0.00	7.56	-3.77
18850.00	463.33	0.00	7.16	-3.58
18900.00	463.78	0.00	6.75	-3.40
18950.00	464.23	0.00	6.34	-3.21
19000.00	464.68	0.00	5.93	-3.03
19050.00	465.13	0.00	5.52	-2.84
19100.00	466.07	0.00	5.42	-2.51
19150.00	467.15	0.00	5.42	-2.14
19200.00	468.24	0.00	5.43	-1.76
19250.00	469.33	0.00	5.43	-1.38
19300.00	470.41	0.00	5.43	-1.01
19350.00	471.50	0.00	5.43	-0.63
19400.00	472.59	0.00	5.43	-0.26
19450.00	473.68	0.00	5.43	0.12
19500.00	474.76	0.00	5.43	0.50
19550.00	475.85	0.00	5.43	0.87
19600.00	476.94	0.00	5.43	1.25
19650.00	478.03	0.00	5.43	1.62
19700.00	479.31	0.00	5.28	1.85
19750.00	480.70	0.00	5.06	2.01
19800.00	482.09	0.00	4.84	2.16
19850.00	483.48	0.00	4.62	2.32
19900.00	484.86	0.00	4.40	2.47
19950.00	486.25	0.00	4.18	2.63
20000.00	487.64	0.00	3.96	2.78
20050.00	489.03	0.00	3.74	2.94
26050.00	489.03	0.00	3.74	2.94
