955.35	305.84	15.98
0.00	305.84	15.98	5.42	8.55
50.00	305.81	15.85	6.15	8.22
100.00	305.75	15.63	6.82	9.33
150.00	305.73	15.52	7.13	9.82
200.00	305.72	15.45	7.34	10.13
250.00	305.71	15.38	7.52	10.37
300.00	305.71	15.33	7.65	10.54
350.00	305.71	15.28	7.78	10.69
400.00	305.71	15.24	7.90	10.83
450.00	305.71	15.19	8.00	10.94
500.00	305.71	15.15	8.11	11.05
550.00	305.71	15.10	8.21	11.16
600.00	305.72	15.05	8.32	11.25
650.00	305.73	14.99	8.43	11.35
700.00	305.74	14.94	8.53	11.44
750.00	305.76	14.82	8.73	11.60
800.00	305.80	14.65	9.00	11.79
850.00	305.84	14.49	9.27	11.99
900.00	305.89	14.32	9.54	12.19
950.00	305.93	14.14	9.82	12.39
1000.00	306.04	13.83	10.24	12.63
1050.00	306.14	13.53	10.66	12.87
1100.00	306.25	13.22	11.08	13.11
1150.00	306.36	12.91	11.49	13.35
1200.00	306.46	12.60	11.91	13.59
1250.00	306.57	12.35	12.23	13.75
1300.00	306.66	12.13	12.49	13.87
1350.00	306.76	11.91	12.76	13.98
1400.00	306.86	11.69	13.02	14.09
1450.00	306.96	11.47	13.28	14.21
1500.00	307.06	11.25	13.55	14.32
1550.00	307.16	11.03	13.83	14.44
1600.00	307.29	10.78	14.15	14.56
1650.00	307.43	10.53	14.47	14.68
1700.00	307.56	10.29	14.80	14.80
1750.00	307.69	10.04	15.12	14.92
1800.00	307.82	9.79	15.44	15.04
1850.00	307.95	9.55	15.76	15.17
1900.00	308.08	9.30	16.09	15.29
1950.00	308.34	8.85	16.37	15.40
2000.00	308.60	8.41	16.66	15.52
2050.00	308.85	7.96	16.95	15.63
2100.00	309.11	7.52	17.24	15.75
2150.00	309.37	7.07	17.53	15.86
2200.00	309.63	6.63	17.82	15.98
2250.00	309.89	6.18	18.11	16.09
2300.00	310.15	5.74	18.40	16.20
2350.00	310.39	5.38	18.64	16.24
2400.00	310.64	5.05	18.85	16.25
2450.00	310.88	4.72	19.07	16.25
2500.00	311.12	4.39	19.29	16.26
2550.00	311.36	4.06	19.50	16.27
2600.00	311.61	3.73	19.72	16.27
2650.00	311.85	3.40	19.94	16.28
2700.00	312.09	3.07	20.16	16.29
2750.00	312.34	2.74	20.37	16.29
2800.00	312.52	2.56	20.49	16.22
2850.00	312.66	2.46	20.54	16.10
2900.00	312.81	2.37	20.59	15.99
2950.00	312.95	2.28	20.63	15.87
3000.00	313.10	2.19	20.68	15.75
3050.00	313.24	2.10	20.73	15.63
3100.00	313.39	2.00	20.78	15.51
3150.00	313.53	1.91	20.82	15.39
3200.00	313.67	1.82	20.87	15.27
3250.00	313.82	1.73	20.92	15.15
3300.00	313.93	1.69	20.95	15.03
3350.00	314.03	1.67	20.96	14.90
3400.00	314.13	1.66	20.98	14.77
3450.00	314.23	1.65	20.99	14.64
3500.00	314.33	1.63	21.01	14.51
3550.00	314.42	1.62	21.02	14.38
3600.00	314.52	1.61	21.04	14.25
3650.00	314.62	1.59	21.05	14.12
3700.00	314.72	1.58	21.07	13.99
3750.00	314.82	1.57	21.08	13.87
3800.00	314.91	1.56	21.10	13.74
3850.00	315.02	1.55	21.22	13.64
3900.00	315.14	1.54	21.36	13.55
3950.00	315.25	1.54	21.51	13.47
4000.00	315.36	1.54	21.65	13.38
4050.00	315.47	1.53	21.80	13.29
4100.00	315.58	1.53	21.94	13.20
4150.00	315.70	1.52	22.09	13.11
4200.00	315.81	1.52	22.23	13.02
4250.00	315.92	1.51	22.37	12.94
4300.00	316.03	1.51	22.52	12.85
4350.00	316.14	1.50	22.66	12.76
4400.00	316.26	1.50	22.83	12.69
4450.00	316.39	1.49	23.08	12.68
4500.00	316.52	1.49	23.33	12.66
4550.00	316.65	1.49	23.59	12.65
4600.00	316.79	1.48	23.84	12.64
4650.00	316.92	1.48	24.09	12.63
4700.00	317.05	1.47	24.35	12.62
4750.00	317.18	1.47	24.60	12.60
4800.00	317.31	1.47	24.85	12.59
4850.00	317.45	1.46	25.11	12.58
4900.00	317.58	1.46	25.36	12.57
4950.00	317.71	1.45	25.61	12.56
5000.00	317.84	1.45	25.86	12.55
5050.00	317.96	1.44	26.08	12.57
5100.00	318.08	1.42	26.28	12.61
5150.00	318.20	1.40	26.48	12.65
5200.00	318.32	1.39	26.68	12.70
5250.00	318.44	1.37	26.87	12.74
5300.00	318.56	1.35	27.07	12.79
5350.00	318.68	1.34	27.27	12.83
5400.00	318.79	1.32	27.46	12.87
5450.00	318.91	1.30	27.66	12.92
5500.00	319.03	1.29	27.86	12.96
5550.00	319.15	1.27	28.06	13.01
5600.00	319.27	1.25	28.25	13.05
5650.00	319.39	1.24	28.45	13.09
5700.00	319.51	1.22	28.65	13.14
5750.00	319.61	1.19	28.75	13.21
5800.00	319.72	1.16	28.85	13.28
5850.00	319.82	1.13	28.94	13.36
5900.00	319.93	1.09	29.04	13.43
5950.00	320.03	1.06	29.14	13.50
6000.00	320.14	1.03	29.24	13.58
6050.00	320.24	1.00	29.34	13.65
6100.00	320.35	0.97	29.44	13.72
6150.00	320.45	0.94	29.53	13.80
6200.00	320.56	0.91	29.63	13.87
6250.00	320.66	0.88	29.73	13.94
6300.00	320.77	0.85	29.83	14.02
6350.00	320.87	0.82	29.93	14.09
6400.00	320.98	0.79	30.03	14.16
6450.00	321.11	0.76	30.13	14.25
6500.00	321.25	0.73	30.22	14.33
6550.00	321.39	0.70	30.32	14.41
6600.00	321.53	0.67	30.42	14.49
6650.00	321.66	0.64	30.52	14.57
6700.00	321.80	0.61	30.62	14.66
6750.00	321.94	0.58	30.72	14.74
6800.00	322.07	0.56	30.82	14.82
6850.00	322.21	0.53	30.92	14.90
6900.00	322.35	0.50	31.01	14.98
6950.00	322.49	0.47	31.11	15.06
7000.00	322.62	0.44	31.21	15.15
7050.00	322.76	0.41	31.31	15.23
7100.00	322.90	0.38	31.41	15.31
7150.00	323.07	0.37	31.55	15.36
7200.00	323.24	0.36	31.68	15.42
7250.00	323.41	0.34	31.81	15.48
7300.00	323.58	0.33	31.95	15.53
7350.00	323.74	0.31	32.08	15.59
7400.00	323.91	0.30	32.22	15.65
7450.00	324.08	0.28	32.35	15.70
7500.00	324.25	0.27	32.49	15.76
7550.00	324.42	0.25	32.62	15.82
7600.00	324.59	0.24	32.76	15.87
7650.00	324.76	0.23	32.89	15.93
7700.00	324.93	0.21	33.03	15.99
7750.00	325.10	0.20	33.16	16.04
7800.00	325.26	0.19	33.29	16.07
7850.00	325.42	0.18	33.41	16.06
7900.00	325.58	0.18	33.52	16.04
7950.00	325.74	0.17	33.64	16.03
8000.00	325.90	0.16	33.76	16.01
8050.00	326.05	0.16	33.88	16.00
8100.00	326.21	0.15	33.99	15.99
8150.00	326.37	0.15	34.11	15.97
8200.00	326.53	0.14	34.23	15.96
8250.00	326.69	0.14	34.35	15.94
8300.00	326.84	0.13	34.46	15.93
8350.00	327.00	0.13	34.58	15.92
8400.00	327.16	0.12	34.70	15.90
8450.00	327.32	0.12	34.82	15.89
8500.00	327.47	0.11	34.92	15.81
8550.00	327.61	0.11	35.01	15.73
8600.00	327.76	0.11	35.11	15.64
8650.00	327.91	0.11	35.21	15.56
8700.00	328.06	0.10	35.31	15.48
8750.00	328.20	0.10	35.40	15.40
8800.00	328.35	0.10	35.50	15.32
8850.00	328.50	0.10	35.60	15.24
8900.00	328.65	0.09	35.69	15.15
8950.00	328.79	0.09	35.79	15.07
9000.00	328.94	0.09	35.89	14.99
9050.00	329.09	0.09	35.99	14.91
9100.00	329.23	0.08	36.08	14.83
9150.00	329.40	0.08	36.18	14.72
9200.00	329.57	0.08	36.28	14.61
9250.00	329.74	0.08	36.38	14.50
9300.00	329.91	0.07	36.48	14.38
9350.00	330.08	0.07	36.58	14.27
9400.00	330.25	0.07	36.68	14.16
9450.00	330.42	0.07	36.78	14.04
9500.00	330.59	0.07	36.88	13.93
9550.00	330.76	0.07	36.98	13.82
9600.00	330.93	0.06	37.08	13.71
9650.00	331.10	0.06	37.18	13.59
9700.00	331.27	0.06	37.28	13.48
9750.00	331.44	0.06	37.38	13.37
9800.00	331.65	0.06	37.48	13.28
9850.00	331.87	0.05	37.59	13.20
9900.00	332.10	0.05	37.69	13.12
9950.00	332.32	0.05	37.79	13.04
10000.00	332.54	0.05	37.89	12.96
10050.00	332.77	0.05	37.99	12.88
10100.00	332.99	0.04	38.10	12.80
10150.00	333.21	0.04	38.20	12.72
10200.00	333.44	0.04	38.30	12.64
10250.00	333.66	0.04	38.40	12.56
10300.00	333.88	0.04	38.51	12.48
10350.00	334.11	0.04	38.61	12.40
10400.00	334.33	0.03	38.71	12.32
10450.00	334.61	0.03	38.78	12.29
10500.00	334.89	0.03	38.84	12.26
10550.00	335.17	0.03	38.91	12.24
10600.00	335.45	0.03	38.97	12.21
10650.00	335.74	0.03	39.04	12.18
10700.00	336.02	0.03	39.10	12.16
10750.00	336.30	0.03	39.17	12.13
10800.00	336.58	0.02	39.23	12.11
10850.00	336.86	0.02	39.29	12.08
10900.00	337.15	0.02	39.36	12.06
10950.00	337.43	0.02	39.42	12.03
11000.00	337.71	0.02	39.49	12.00
11050.00	338.02	0.02	39.54	11.98
11100.00	338.44	0.02	39.54	12.00
11150.00	338.87	0.02	39.54	12.01
11200.00	339.29	0.02	39.53	12.02
11250.00	339.72	0.02	39.53	12.03
11300.00	340.15	0.02	39.53	12.04
11350.00	340.57	0.01	39.53	12.05
11400.00	341.00	0.01	39.52	12.07
11450.00	341.42	0.01	39.52	12.08
11500.00	341.85	0.01	39.52	12.09
11550.00	342.28	0.01	39.52	12.10
11600.00	342.70	0.01	39.51	12.11
11650.00	343.13	0.01	39.51	12.12
11700.00	343.69	0.01	39.43	12.12
11750.00	344.35	0.01	39.31	12.10
11800.00	345.01	0.01	39.18	12.09
11850.00	345.67	0.01	39.06	12.07
11900.00	346.33	0.01	38.93	12.06
11950.00	346.99	0.01	38.81	12.04
12000.00	347.65	0.01	38.68	12.03
12050.00	348.31	0.01	38.56	12.01
12100.00	348.97	0.01	38.43	12.00
12150.00	349.63	0.01	38.30	11.98
12200.00	350.29	0.01	38.18	11.97
12250.00	350.95	0.01	38.05	11.95
12300.00	351.63	0.01	37.91	11.93
12350.00	352.49	0.01	37.65	11.87
12400.00	353.36	0.01	37.39	11.80
12450.00	354.22	0.01	37.13	11.74
12500.00	355.08	0.01	36.87	11.68
12550.00	355.95	0.01	36.61	11.61
12600.00	356.81	0.01	36.35	11.55
12650.00	357.67	0.01	36.09	11.49
12700.00	358.53	0.01	35.83	11.42
12750.00	359.40	0.01	35.57	11.36
12800.00	360.26	0.01	35.31	11.30
12850.00	361.12	0.01	35.05	11.23
12900.00	361.99	0.01	34.79	11.17
12950.00	362.86	0.01	34.50	11.11
13000.00	363.75	0.01	34.19	11.06
13050.00	364.63	0.01	33.87	11.00
13100.00	365.52	0.01	33.56	10.95
13150.00	366.40	0.01	33.25	10.89
13200.00	367.29	0.01	32.93	10.83
13250.00	368.17	0.01	32.62	10.78
13300.00	369.06	0.01	32.31	10.72
13350.00	369.94	0.01	32.00	10.67
13400.00	370.83	0.01	31.68	10.61
13450.00	371.71	0.01	31.37	10.56
13500.00	372.60	0.01	31.06	10.50
13550.00	373.48	0.01	30.75	10.45
13600.00	374.30	0.01	30.48	10.43
13650.00	375.13	0.01	30.21	10.40
13700.00	375.96	0.01	29.94	10.37
13750.00	376.79	0.00	29.68	10.34
13800.00	377.62	0.00	29.41	10.32
13850.00	378.45	0.00	29.14	10.29
13900.00	379.28	0.00	28.87	10.26
13950.00	380.11	0.00	28.60	10.24
14000.00	380.94	0.00	28.33	10.21
14050.00	381.77	0.00	28.06	10.18
14100.00	382.60	0.00	27.79	10.16
14150.00	383.43	0.00	27.52	10.13
14200.00	384.21	0.00	27.33	10.11
14250.00	384.97	0.00	27.18	10.09
14300.00	385.73	0.00	27.03	10.07
14350.00	386.49	0.00	26.88	10.05
14400.00	387.25	0.00	26.73	10.02
14450.00	388.00	0.00	26.58	10.00
14500.00	388.76	0.00	26.43	9.98
14550.00	389.52	0.00	26.28	9.96
14600.00	390.28	0.00	26.13	9.94
14650.00	391.04	0.00	25.97	9.92
14700.00	391.80	0.00	25.82	9.90
14750.00	392.56	0.00	25.67	9.88
14800.00	393.30	0.00	25.54	9.86
14850.00	393.98	0.00	25.49	9.85
14900.00	394.66	0.00	25.44	9.84
14950.00	395.34	0.00	25.39	9.84
15000.00	396.02	0.00	25.35	9.83
15050.00	396.70	0.00	25.30	9.82
15100.00	397.38	0.00	25.25	9.81
15150.00	398.06	0.00	25.20	9.80
15200.00	398.74	0.00	25.15	9.80
15250.00	399.42	0.00	25.10	9.79
15300.00	400.10	0.00	25.05	9.78
15350.00	400.79	0.00	25.00	9.77
15400.00	401.47	0.00	24.95	9.76
15450.00	402.09	0.00	24.90	9.76
15500.00	402.71	0.00	24.85	9.76
15550.00	403.33	0.00	24.81	9.76
15600.00	403.94	0.00	24.76	9.76
15650.00	404.56	0.00	24.71	9.76
15700.00	405.18	0.00	24.66	9.76
15750.00	405.79	0.00	24.61	9.77
15800.00	406.41	0.00	24.57	9.77
15850.00	407.02	0.00	24.52	9.77
15900.00	407.64	0.00	24.47	9.77
15950.00	408.26	0.00	24.42	9.77
16000.00	408.87	0.00	24.38	9.77
16050.00	409.49	0.00	24.39	9.84
16100.00	410.11	0.00	24.47	9.99
16150.00	410.72	0.00	24.55	10.14
16200.00	411.34	0.00	24.63	10.30
16250.00	411.96	0.00	24.70	10.45
16300.00	412.58	0.00	24.78	10.60
16350.00	413.19	0.00	24.86	10.75
16400.00	413.81	0.00	24.94	10.90
16450.00	414.43	0.00	25.02	11.05
16500.00	415.05	0.00	25.09	11.20
16550.00	415.66	0.00	25.17	11.35
16600.00	416.28	0.00	25.25	11.50
16650.00	416.95	0.00	25.37	11.65
16700.00	417.73	0.00	25.58	11.81
16750.00	418.50	0.00	25.79	11.98
16800.00	419.27	0.00	26.00	12.14
16850.00	420.05	0.00	26.21	12.30
16900.00	420.82	0.00	26.42	12.46
16950.00	421.60	0.00	26.63	12.62
17000.00	422.37	0.00	26.84	12.79
17050.00	423.14	0.00	27.05	12.95
17100.00	423.92	0.00	27.26	13.11
17150.00	424.69	0.00	27.47	13.27
17200.00	425.47	0.00	27.68	13.43
17250.00	426.36	0.00	27.80	13.40
17300.00	427.59	0.00	27.63	12.78
17350.00	428.83	0.00	27.47	12.16
17400.00	430.07	0.00	27.30	11.54
17450.00	431.31	0.00	27.14	10.92
17500.00	432.55	0.00	26.97	10.29
17550.00	433.79	0.00	26.81	9.67
17600.00	435.02	0.00	26.65	9.05
17650.00	436.26	0.00	26.48	8.43
17700.00	437.50	0.00	26.32	7.81
17750.00	438.74	0.00	26.15	7.19
17800.00	439.98	0.00	25.99	6.57
17850.00	441.26	0.00	25.64	5.90
17900.00	442.80	0.00	24.33	5.02
17950.00	444.33	0.00	23.01	4.14
18000.00	445.87	0.00	21.70	3.27
18050.00	447.40	0.00	20.39	2.39
18100.00	448.93	0.00	19.08	1.51
18150.00	450.47	0.00	17.77	0.63
18200.00	452.00	0.00	16.45	-0.25
18250.00	453.53	0.00	15.14	-1.13
18300.00	455.07	0.00	13.83	-2.01
18350.00	456.60	0.00	12.52	-2.89
18400.00	458.14	0.00	11.21	-3.77
18450.00	459.67	0.00	9.90	-4.65
18500.00	460.17	0.00	9.44	-4.51
18550.00	460.62	0.00	9.04	-4.33
18600.00	461.07	0.00	8.63	-4.14
18650.00	461.53	0.00	8.22	-3.96
18700.00	461.98	0.00	7.81	-3.77
18750.00	462.43	0.00	7.40	-3.59
18800.00	462.88	0.00	6.99	-3.40
18850.00	463.33	0.00	6.59	-3.21
18900.00	463.78	0.00	6.18	-3.03
18950.00	464.23	0.00	5.77	-2.84
19000.00	464.68	0.00	5.36	-2.66
19050.00	465.13	0.00	4.95	-2.47
19100.00	466.07	0.00	4.85	-2.14
19150.00	467.15	0.00	4.85	-1.77
19200.00	468.24	0.00	4.86	-1.39
19250.00	469.33	0.00	4.86	-1.01
19300.00	470.41	0.00	4.86	-0.64
19350.00	471.50	0.00	4.86	-0.26
19400.00	472.59	0.00	4.86	0.11
19450.00	473.68	0.00	4.86	0.49
19500.00	474.76	0.00	4.86	0.87
19550.00	475.85	0.00	4.86	1.24
19600.00	476.94	0.00	4.86	1.62
19650.00	478.03	0.00	4.86	1.99
19700.00	479.31	0.00	4.71	2.22
19750.00	480.70	0.00	4.49	2.38
19800.00	482.09	0.00	4.27	2.53
19850.00	483.48	0.00	4.05	2.69
19900.00	484.86	0.00	3.83	2.84
19950.00	486.25	0.00	3.61	3.00
20000.00	487.64	0.00	3.39	3.15
20050.00	489.03	0.00	3.17	3.31
