956.58	305.72	15.37
0.00	305.72	15.37	4.16	7.74
50.00	305.64	15.31	5.03	10.43
100.00	305.50	15.21	5.46	11.14
150.00	305.44	15.14	5.74	11.54
200.00	305.40	15.09	5.96	11.83
250.00	305.38	15.04	6.16	12.08
300.00	305.36	14.99	6.33	12.27
350.00	305.35	14.95	6.50	12.43
400.00	305.34	14.91	6.65	12.58
450.00	305.34	14.87	6.80	12.70
500.00	305.33	14.82	6.94	12.82
550.00	305.34	14.78	7.09	12.93
600.00	305.34	14.72	7.26	13.03
650.00	305.35	14.66	7.42	13.14
700.00	305.36	14.60	7.58	13.24
750.00	305.42	14.40	7.83	13.36
800.00	305.51	14.11	8.13	13.49
850.00	305.59	13.82	8.42	13.62
900.00	305.68	13.53	8.72	13.75
950.00	305.77	13.24	9.03	13.89
1000.00	305.89	12.95	9.46	14.04
1050.00	306.01	12.65	9.89	14.19
1100.00	306.12	12.36	10.32	14.34
1150.00	306.24	12.06	10.75	14.49
1200.00	306.36	11.77	11.17	14.64
1250.00	306.45	11.56	11.43	14.72
1300.00	306.54	11.39	11.62	14.77
1350.00	306.62	11.22	11.80	14.83
1400.00	306.70	11.05	11.99	14.88
1450.00	306.78	10.88	12.17	14.93
1500.00	306.86	10.71	12.35	14.98
1550.00	306.97	10.49	12.55	15.04
1600.00	307.13	10.19	12.76	15.10
1650.00	307.29	9.89	12.97	15.15
1700.00	307.45	9.59	13.19	15.21
1750.00	307.61	9.28	13.40	15.27
1800.00	307.77	8.98	13.61	15.33
1850.00	307.93	8.68	13.83	15.39
1900.00	308.09	8.37	14.04	15.44
1950.00	308.33	7.98	14.17	15.52
2000.00	308.57	7.59	14.30	15.59
2050.00	308.81	7.19	14.43	15.67
2100.00	309.05	6.80	14.57	15.74
2150.00	309.29	6.40	14.70	15.81
2200.00	309.53	6.01	14.83	15.89
2250.00	309.77	5.61	14.96	15.96
2300.00	310.01	5.22	15.10	16.04
2350.00	310.19	4.98	15.18	16.12
2400.00	310.35	4.79	15.24	16.20
2450.00	310.51	4.59	15.31	16.29
2500.00	310.67	4.40	15.38	16.37
2550.00	310.84	4.20	15.44	16.45
2600.00	311.00	4.01	15.51	16.54
2650.00	311.16	3.82	15.57	16.62
2700.00	311.32	3.62	15.64	16.70
2750.00	311.49	3.43	15.71	16.79
2800.00	311.63	3.29	15.74	16.83
2850.00	311.77	3.19	15.74	16.85
2900.00	311.90	3.08	15.75	16.86
2950.00	312.04	2.98	15.76	16.88
3000.00	312.17	2.88	15.76	16.90
3050.00	312.31	2.77	15.77	16.91
3100.00	312.44	2.67	15.78	16.93
3150.00	312.58	2.57	15.79	16.95
3200.00	312.71	2.46	15.79	16.97
3250.00	312.84	2.36	15.80	16.98
3300.00	312.92	2.32	15.82	16.96
3350.00	312.98	2.31	15.84	16.91
3400.00	313.03	2.30	15.87	16.86
3450.00	313.08	2.29	15.89	16.81
3500.00	313.13	2.28	15.92	16.76
3550.00	313.18	2.27	15.94	16.71
3600.00	313.23	2.26	15.97	16.66
3650.00	313.28	2.25	16.00	16.61
3700.00	313.34	2.24	16.02	16.56
3750.00	313.39	2.23	16.05	16.51
3800.00	313.44	2.22	16.07	16.46
3850.00	313.64	2.14	16.26	16.41
3900.00	313.85	2.07	16.46	16.36
3950.00	314.07	1.99	16.67	16.30
4000.00	314.28	1.91	16.87	16.25
4050.00	314.50	1.83	17.07	16.19
4100.00	314.71	1.75	17.28	16.14
4150.00	314.93	1.67	17.48	16.09
4200.00	315.15	1.59	17.68	16.03
4250.00	315.36	1.52	17.89	15.98
4300.00	315.58	1.44	18.09	15.92
4350.00	315.79	1.36	18.30	15.87
4400.00	315.98	1.30	18.52	15.81
4450.00	316.08	1.30	18.81	15.75
4500.00	316.18	1.30	19.10	15.69
4550.00	316.29	1.30	19.38	15.63
4600.00	316.39	1.30	19.67	15.57
4650.00	316.49	1.30	19.96	15.51
4700.00	316.60	1.29	20.24	15.44
4750.00	316.70	1.29	20.53	15.38
4800.00	316.81	1.29	20.82	15.32
4850.00	316.91	1.29	21.10	15.26
4900.00	317.01	1.29	21.39	15.20
4950.00	317.12	1.29	21.68	15.14
5000.00	317.22	1.29	21.96	15.07
5050.00	317.33	1.29	22.28	15.07
5100.00	317.45	1.28	22.60	15.08
5150.00	317.57	1.28	22.93	15.10
5200.00	317.68	1.28	23.26	15.12
5250.00	317.80	1.27	23.58	15.14
5300.00	317.92	1.27	23.91	15.15
5350.00	318.04	1.27	24.24	15.17
5400.00	318.15	1.26	24.56	15.19
5450.00	318.27	1.26	24.89	15.21
5500.00	318.39	1.26	25.22	15.22
5550.00	318.51	1.25	25.54	15.24
5600.00	318.63	1.25	25.87	15.26
5650.00	318.74	1.25	26.20	15.28
5700.00	318.86	1.24	26.51	15.30
5750.00	318.98	1.23	26.72	15.36
5800.00	319.10	1.21	26.92	15.42
5850.00	319.22	1.19	27.12	15.48
5900.00	319.34	1.18	27.33	15.54
5950.00	319.46	1.16	27.53	15.61
6000.00	319.58	1.14	27.73	15.67
6050.00	319.70	1.13	27.94	15.73
6100.00	319.82	1.11	28.14	15.79
6150.00	319.94	1.09	28.34	15.85
6200.00	320.06	1.08	28.54	15.92
6250.00	320.18	1.06	28.75	15.98
6300.00	320.30	1.04	28.95	16.04
6350.00	320.42	1.03	29.15	16.10
6400.00	320.54	1.01	29.36	16.16
6450.00	320.66	0.98	29.43	16.22
6500.00	320.78	0.96	29.50	16.27
6550.00	320.90	0.93	29.58	16.32
6600.00	321.02	0.90	29.65	16.37
6650.00	321.14	0.88	29.72	16.42
6700.00	321.26	0.85	29.79	16.47
6750.00	321.38	0.82	29.87	16.52
6800.00	321.50	0.80	29.94	16.58
6850.00	321.62	0.77	30.01	16.63
6900.00	321.74	0.74	30.09	16.68
6950.00	321.86	0.72	30.16	16.73
7000.00	321.98	0.69	30.23	16.78
7050.00	322.10	0.66	30.31	16.83
7100.00	322.23	0.63	30.38	16.88
7150.00	322.38	0.61	30.48	16.91
7200.00	322.53	0.59	30.57	16.93
7250.00	322.67	0.57	30.66	16.96
7300.00	322.82	0.55	30.75	16.98
7350.00	322.97	0.53	30.84	17.01
7400.00	323.12	0.50	30.94	17.03
7450.00	323.27	0.48	31.03	17.06
7500.00	323.42	0.46	31.12	17.08
7550.00	323.57	0.44	31.21	17.11
7600.00	323.72	0.42	31.30	17.14
7650.00	323.87	0.40	31.40	17.16
7700.00	324.02	0.37	31.49	17.19
7750.00	324.17	0.35	31.58	17.21
7800.00	324.33	0.34	31.69	17.21
7850.00	324.50	0.32	31.82	17.18
7900.00	324.67	0.31	31.95	17.16
7950.00	324.85	0.30	32.09	17.13
8000.00	325.02	0.29	32.22	17.10
8050.00	325.19	0.28	32.35	17.07
8100.00	325.36	0.26	32.48	17.05
8150.00	325.54	0.25	32.61	17.02
8200.00	325.71	0.24	32.74	16.99
8250.00	325.88	0.23	32.87	16.96
8300.00	326.06	0.22	33.00	16.94
8350.00	326.23	0.20	33.14	16.91
8400.00	326.40	0.19	33.27	16.88
8450.00	326.57	0.18	33.40	16.85
8500.00	326.74	0.18	33.54	16.79
8550.00	326.90	0.17	33.67	16.73
8600.00	327.07	0.16	33.81	16.68
8650.00	327.23	0.16	33.94	16.62
8700.00	327.40	0.15	34.08	16.56
8750.00	327.56	0.15	34.21	16.50
8800.00	327.73	0.14	34.35	16.44
8850.00	327.89	0.13	34.49	16.38
8900.00	328.06	0.13	34.62	16.32
8950.00	328.22	0.12	34.76	16.27
9000.00	328.39	0.12	34.89	16.21
9050.00	328.55	0.11	35.03	16.15
9100.00	328.72	0.11	35.17	16.09
9150.00	328.89	0.10	35.32	16.02
9200.00	329.06	0.10	35.47	15.94
9250.00	329.23	0.10	35.63	15.87
9300.00	329.41	0.09	35.79	15.79
9350.00	329.58	0.09	35.94	15.72
9400.00	329.75	0.09	36.10	15.64
9450.00	329.92	0.08	36.25	15.57
9500.00	330.10	0.08	36.41	15.49
9550.00	330.27	0.08	36.57	15.42
9600.00	330.44	0.07	36.72	15.34
9650.00	330.62	0.07	36.88	15.27
9700.00	330.79	0.07	37.03	15.19
9750.00	330.96	0.06	37.19	15.12
9800.00	331.17	0.06	37.33	15.02
9850.00	331.38	0.06	37.48	14.92
9900.00	331.59	0.06	37.62	14.81
9950.00	331.81	0.05	37.77	14.71
10000.00	332.02	0.05	37.91	14.61
10050.00	332.23	0.05	38.05	14.51
10100.00	332.45	0.05	38.20	14.40
10150.00	332.66	0.05	38.34	14.30
10200.00	332.87	0.04	38.48	14.20
10250.00	333.09	0.04	38.63	14.10
10300.00	333.30	0.04	38.77	13.99
10350.00	333.51	0.04	38.91	13.89
10400.00	333.73	0.04	39.06	13.79
10450.00	334.02	0.03	39.16	13.74
10500.00	334.31	0.03	39.27	13.68
10550.00	334.59	0.03	39.37	13.63
10600.00	334.88	0.03	39.48	13.57
10650.00	335.17	0.03	39.58	13.52
10700.00	335.46	0.03	39.69	13.46
10750.00	335.75	0.03	39.79	13.40
10800.00	336.04	0.03	39.90	13.35
10850.00	336.32	0.03	40.00	13.29
10900.00	336.61	0.02	40.11	13.24
10950.00	336.90	0.02	40.22	13.18
11000.00	337.19	0.02	40.32	13.13
11050.00	337.54	0.02	40.40	13.10
11100.00	338.00	0.02	40.43	13.13
11150.00	338.47	0.02	40.47	13.16
11200.00	338.93	0.02	40.50	13.19
11250.00	339.39	0.02	40.54	13.22
11300.00	339.85	0.02	40.57	13.25
11350.00	340.32	0.02	40.60	13.27
11400.00	340.78	0.02	40.64	13.30
11450.00	341.24	0.02	40.67	13.33
11500.00	341.70	0.02	40.70	13.36
11550.00	342.17	0.02	40.74	13.39
11600.00	342.63	0.01	40.77	13.42
11650.00	343.09	0.01	40.81	13.45
11700.00	343.79	0.01	40.66	13.44
11750.00	344.55	0.01	40.46	13.43
11800.00	345.31	0.01	40.27	13.42
11850.00	346.06	0.01	40.08	13.40
11900.00	346.82	0.01	39.88	13.39
11950.00	347.58	0.01	39.69	13.38
12000.00	348.34	0.01	39.50	13.36
12050.00	349.10	0.01	39.30	13.35
12100.00	349.85	0.01	39.11	13.34
12150.00	350.61	0.01	38.92	13.33
12200.00	351.37	0.01	38.72	13.31
12250.00	352.13	0.01	38.53	13.30
12300.00	352.95	0.01	38.26	13.27
12350.00	353.91	0.01	37.83	13.19
12400.00	354.88	0.01	37.39	13.11
12450.00	355.84	0.01	36.95	13.03
12500.00	356.80	0.01	36.52	12.95
12550.00	357.76	0.01	36.08	12.87
12600.00	358.73	0.01	35.64	12.79
12650.00	359.69	0.01	35.20	12.71
12700.00	360.65	0.01	34.77	12.63
12750.00	361.62	0.01	34.33	12.55
12800.00	362.58	0.01	33.89	12.47
12850.00	363.54	0.01	33.46	12.40
12900.00	364.50	0.01	33.02	12.32
12950.00	365.47	0.01	32.48	12.27
13000.00	366.44	0.01	31.92	12.22
13050.00	367.40	0.01	31.35	12.18
13100.00	368.37	0.01	30.79	12.14
13150.00	369.34	0.01	30.23	12.10
13200.00	370.30	0.01	29.66	12.05
13250.00	371.27	0.01	29.10	12.01
13300.00	372.24	0.01	28.54	11.97
13350.00	373.20	0.01	27.97	11.93
13400.00	374.17	0.01	27.41	11.89
13450.00	375.14	0.00	26.85	11.84
13500.00	376.10	0.00	26.28	11.80
13550.00	377.03	0.00	25.73	11.77
13600.00	377.79	0.00	25.24	11.81
13650.00	378.55	0.00	24.75	11.85
13700.00	379.31	0.00	24.26	11.88
13750.00	380.07	0.00	23.77	11.92
13800.00	380.83	0.00	23.27	11.95
13850.00	381.59	0.00	22.78	11.99
13900.00	382.35	0.00	22.29	12.03
13950.00	383.11	0.00	21.80	12.06
14000.00	383.87	0.00	21.31	12.10
14050.00	384.63	0.00	20.82	12.14
14100.00	385.39	0.00	20.32	12.17
14150.00	386.15	0.00	19.83	12.21
14200.00	386.77	0.00	19.53	12.27
14250.00	387.29	0.00	19.36	12.36
14300.00	387.81	0.00	19.18	12.45
14350.00	388.34	0.00	19.01	12.53
14400.00	388.86	0.00	18.84	12.62
14450.00	389.38	0.00	18.66	12.70
14500.00	389.90	0.00	18.49	12.79
14550.00	390.43	0.00	18.31	12.88
14600.00	390.95	0.00	18.14	12.96
14650.00	391.47	0.00	17.96	13.05
14700.00	391.99	0.00	17.79	13.13
14750.00	392.52	0.00	17.62	13.22
14800.00	393.04	0.00	17.47	13.30
14850.00	393.53	0.00	17.57	13.32
14900.00	394.02	0.00	17.67	13.33
14950.00	394.51	0.00	17.76	13.35
15000.00	395.00	0.00	17.86	13.36
15050.00	395.49	0.00	17.96	13.38
15100.00	395.98	0.00	18.06	13.40
15150.00	396.47	0.00	18.16	13.41
15200.00	396.96	0.00	18.26	13.43
15250.00	397.45	0.00	18.36	13.45
15300.00	397.94	0.00	18.46	13.46
15350.00	398.43	0.00	18.56	13.48
15400.00	398.92	0.00	18.66	13.49
15450.00	399.56	0.00	18.93	13.41
15500.00	400.27	0.00	19.26	13.28
15550.00	400.97	0.00	19.59	13.16
15600.00	401.67	0.00	19.92	13.04
15650.00	402.37	0.00	20.25	12.91
15700.00	403.07	0.00	20.59	12.79
15750.00	403.77	0.00	20.92	12.66
15800.00	404.48	0.00	21.25	12.54
15850.00	405.18	0.00	21.58	12.42
15900.00	405.88	0.00	21.91	12.29
15950.00	406.58	0.00	22.25	12.17
16000.00	407.28	0.00	22.58	12.05
16050.00	408.07	0.00	22.88	11.90
16100.00	408.94	0.00	23.15	11.74
16150.00	409.82	0.00	23.42	11.57
16200.00	410.69	0.00	23.69	11.41
16250.00	411.57	0.00	23.97	11.25
16300.00	412.44	0.00	24.24	11.08
16350.00	413.32	0.00	24.51	10.92
16400.00	414.19	0.00	24.78	10.75
16450.00	415.06	0.00	25.05	10.59
16500.00	415.94	0.00	25.32	10.43
16550.00	416.81	0.00	25.59	10.26
16600.00	417.69	0.00	25.87	10.10
16650.00	418.59	0.00	26.06	9.91
16700.00	419.55	0.00	26.11	9.65
16750.00	420.52	0.00	26.15	9.39
16800.00	421.48	0.00	26.19	9.14
16850.00	422.44	0.00	26.24	8.88
16900.00	423.41	0.00	26.28	8.62
16950.00	424.37	0.00	26.33	8.37
17000.00	425.33	0.00	26.37	8.11
17050.00	426.29	0.00	26.41	7.85
17100.00	427.26	0.00	26.46	7.60
17150.00	428.22	0.00	26.50	7.34
17200.00	429.18	0.00	26.54	7.08
17250.00	430.20	0.00	26.48	6.78
17300.00	431.47	0.00	25.88	6.21
17350.00	432.74	0.00	25.28	5.65
17400.00	434.01	0.00	24.68	5.08
17450.00	435.28	0.00	24.08	4.52
17500.00	436.55	0.00	23.48	3.96
17550.00	437.82	0.00	22.88	3.39
17600.00	439.09	0.00	22.27	2.83
17650.00	440.36	0.00	21.67	2.27
17700.00	441.63	0.00	21.07	1.70
17750.00	442.90	0.00	20.47	1.14
17800.00	444.17	0.00	19.87	0.57
17850.00	445.44	0.00	19.27	0.01
17900.00	446.06	0.00	18.42	-0.15
17950.00	446.66	0.00	17.56	-0.29
18000.00	447.26	0.00	16.69	-0.43
18050.00	447.86	0.00	15.83	-0.57
18100.00	448.46	0.00	14.97	-0.71
18150.00	449.06	0.00	14.11	-0.85
18200.00	449.66	0.00	13.25	-0.99
18250.00	450.26	0.00	12.39	-1.13
18300.00	450.86	0.00	11.52	-1.27
18350.00	451.46	0.00	10.66	-1.41
18400.00	452.06	0.00	9.80	-1.55
18450.00	452.66	0.00	8.94	-1.69
18500.00	453.60	0.00	8.45	-1.36
18550.00	454.64	0.00	8.05	-0.91
18600.00	455.67	0.00	7.66	-0.46
18650.00	456.71	0.00	7.27	-0.00
18700.00	457.75	0.00	6.88	0.45
18750.00	458.79	0.00	6.49	0.90
18800.00	459.82	0.00	6.09	1.36
18850.00	460.86	0.00	5.70	1.81
18900.00	461.90	0.00	5.31	2.27
18950.00	462.93	0.00	4.92	2.72
19000.00	463.97	0.00	4.53	3.17
19050.00	465.01	0.00	4.13	3.63
19100.00	466.20	0.00	3.93	3.74
19150.00	467.47	0.00	3.81	3.69
19200.00	468.74	0.00	3.69	3.64
19250.00	470.01	0.00	3.58	3.59
19300.00	471.28	0.00	3.46	3.54
19350.00	472.54	0.00	3.34	3.49
19400.00	473.81	0.00	3.22	3.44
19450.00	475.08	0.00	3.11	3.39
19500.00	476.35	0.00	2.99	3.34
19550.00	477.62	0.00	2.87	3.29
19600.00	478.88	0.00	2.75	3.24
19650.00	480.15	0.00	2.64	3.19
19700.00	481.40	0.00	2.51	3.24
19750.00	482.64	0.00	2.39	3.38
19800.00	483.87	0.00	2.27	3.51
19850.00	485.11	0.00	2.15	3.64
19900.00	486.35	0.00	2.03	3.77
19950.00	487.58	0.00	1.90	3.91
20000.00	488.82	0.00	1.78	4.04
20050.00	490.05	0.00	1.66	4.17
26050.00	490.05	0.00	1.66	4.17
