00     -0.9214     -1.7038 
01     -1.4351     -1.5955 
02     -1.6532     -1.7929 
03     -1.6257     -1.9434 
04     -1.4028     -1.7258 
05     -1.0346     -1.5539 
06     -0.5712     -1.2999 
07     -0.0040     -0.9529 
08      0.4759     -0.8404 
09      0.6919     -0.8791 
10      0.8518     -1.0566 
11      0.9502     -0.9703 
12      0.9538     -0.8883 
13      0.9245     -0.8232 
14      0.8812     -0.9382 
15      1.0489     -0.6961 
16      1.2528     -0.4973 
17      1.2536     -0.4075 
18      1.2550     -0.4583 
19      1.0568     -0.3383 
20      0.3461     -0.2484 
21     -0.2112      0.0069 
22     -0.3805      0.1269 
23     -0.5106      0.2769 
24     -0.6593      0.1957 
25     -0.5799      0.0951 
26     -0.3807     -0.1037 
27      0.0050     -0.0852 
28      0.3529      0.0034 
29      0.6227      0.4427 
30      0.8832      0.9452 
31      0.8051      1.3745 
32      0.5881      1.4878 
33      0.6068      1.4497 
34      0.6772      1.3045 
35      0.6773      1.1071 
36      0.5603      0.7887 
37      0.4994      0.5441 
38      0.6586      0.3033 
39      0.9579      0.3118 
40      1.1425      0.6510 
41      1.4976      1.0808 
42      1.9217      1.3068 
43      1.9673      1.3196 
44      2.0333      0.9596 
45      1.9402      0.7069 
46      1.8245      0.3175 
47      1.7511     -0.1078 
48      1.6515     -0.5411 
49      1.5418     -0.9544 
50      1.4890     -1.3198 
