00     -1.8566     -1.3192 
01     -1.9613     -1.3505 
02     -1.7387     -1.3491 
03     -1.2682     -1.5013 
04     -0.6291     -1.4957 
05      0.0991     -1.3210 
06      0.8372     -1.2643 
07      1.4496     -1.0567 
08      1.8800     -0.9901 
09      2.0426     -0.9740 
10      1.9083     -1.0672 
11      1.6613     -1.1265 
12      1.3148     -1.1761 
13      0.7900     -1.2236 
14      0.2907     -1.1420 
15     -0.1532     -0.9807 
16     -0.5051     -0.6627 
17     -0.8352     -0.2529 
18     -0.9622      0.0988 
19     -1.0948      0.6322 
20     -1.1016      0.9376 
21     -1.1265      1.1166 
22     -0.9013      1.2062 
23     -0.7417      1.3496 
24     -0.5330      1.3209 
25     -0.3817      1.1199 
26     -0.2998      1.0267 
27     -0.1440      0.9754 
28      0.0221      0.8461 
29      0.1385      0.6725 
30      0.1743      0.5934 
31      0.2736      0.5284 
32      0.2104      0.4733 
33      0.1467      0.4604 
34      0.1056      0.6724 
35     -0.0445      0.8633 
36     -0.1495      1.0694 
37     -0.2114      1.1093 
38     -0.2971      1.3365 
39     -0.2701      1.3112 
40     -0.0096      1.1164 
41      0.2909      0.8547 
42      0.5687      0.6644 
43      0.9585      0.2832 
44      1.1412      0.1987 
45      1.5850      0.1652 
46      1.8739      0.3299 
47      1.9400      0.5623 
48      1.9078      0.8373 
49      1.7569      1.1300 
50      1.3918      1.4151 
