00     -0.2742      0.2229 
01     -0.5756     -0.2049 
02     -0.6547     -0.5009 
03     -0.5578     -0.7256 
04     -0.3311     -0.7942 
05     -0.0209     -0.7273 
06      0.3264     -0.6505 
07      0.6793     -0.6319 
08      0.8809     -0.5547 
09      0.8394     -0.6205 
10      0.8834     -0.5638 
11      0.9400     -0.8814 
12      0.8124     -1.0639 
13      0.7487     -1.2367 
14      0.7382     -1.1751 
15      0.8284     -1.1511 
16      1.1693     -1.1786 
17      1.4958     -1.1543 
18      1.7121     -1.1731 
19      1.8586     -1.1596 
20      1.7727     -1.0009 
21      1.5310     -0.8290 
22      1.2375     -0.6342 
23      0.9094     -0.5163 
24      0.5923     -0.3952 
25      0.2681     -0.2900 
26     -0.0793     -0.1545 
27     -0.4228     -0.0038 
28     -0.5235     -0.0612 
29     -0.6289     -0.0348 
30     -0.7886     -0.0948 
31     -0.9159      0.0121 
32     -1.0510     -0.0482 
33     -1.0664     -0.1968 
34     -0.9374     -0.5186 
35     -0.6274     -0.8380 
36     -0.2774     -1.2922 
37     -0.0979     -1.5708 
38      0.0473     -1.8548 
39     -0.0116     -1.9750 
40      0.1249     -2.0966 
41      0.1882     -2.0936 
42     -0.0150     -2.0196 
43     -0.1467     -1.7051 
44     -0.4613     -1.5075 
45     -0.7658     -1.1662 
46     -1.1070     -0.8651 
47     -1.2974     -0.5980 
48     -1.4273     -0.3936 
49     -1.3892     -0.2807 
50     -1.1022     -0.2882 
