00      0.0735      2.0835 
01     -0.3385      2.0060 
02     -0.4593      1.7734 
03     -0.3460      1.4848 
04     -0.0556      1.0990 
05      0.3547      0.8971 
06      0.8279      0.7055 
07      1.2871      0.8717 
08      1.6546      1.2081 
09      1.8945      1.9033 
10      2.0525      2.4567 
11      1.9762      3.0267 
12      1.8360      3.2881 
13      1.2400      3.3752 
14      0.4632      3.1734 
15     -0.1343      2.7320 
16     -0.3926      2.2397 
17     -0.5765      1.8474 
18     -0.5130      1.6202 
19     -0.1929      1.4768 
20      0.0603      1.1744 
21      0.3312      0.9511 
22      0.7259      0.5112 
23      0.8845      0.2881 
24      0.8567      0.0709 
25      0.5816     -0.2041 
26      0.3221     -0.6082 
27      0.0353     -0.7950 
28     -0.0789     -0.8532 
29     -0.1548     -0.8256 
30     -0.1833     -0.7257 
31     -0.2986     -0.6937 
32     -0.5315     -0.7183 
33     -0.6548     -0.6931 
34     -0.7059     -0.5492 
35     -0.8686     -0.3406 
36     -0.9178     -0.1984 
37     -0.9303     -0.2070 
38     -0.9550     -0.2305 
39     -0.8833     -0.1237 
40     -0.6420     -0.0746 
41     -0.4263      0.1182 
42     -0.3011      0.2936 
43      0.0099      0.4151 
44      0.3029      0.5370 
45      0.6654      0.7455 
46      0.7568      0.9793 
47      0.8933      1.1739 
48      0.8638      1.2996 
49      0.7296      1.3269 
50      0.5788      1.2259 
