00     -0.4754     -0.1205 
01      0.1108     -0.3977 
02      0.4226     -0.5389 
03      0.5228     -0.8771 
04      0.4743     -1.1033 
05      0.3401     -1.2987 
06      0.1830     -1.4249 
07      0.3487     -1.7116 
08      0.4368     -1.7992 
09      0.5944     -1.7469 
10      0.7138     -1.6549 
11      0.8726     -1.5539 
12      1.0512     -1.3684 
13      1.1797     -1.2441 
14      1.3293     -1.0895 
15      1.4898     -1.1524 
16      1.5082     -1.0988 
17      1.3749     -1.1943 
18      1.3970     -1.2042 
19      1.6202     -1.2538 
20      1.6641     -1.1939 
21      1.6420     -1.1343 
22      1.5567     -0.9230 
23      1.4766     -0.6319 
24      1.3543     -0.3093 
25      1.2229     -0.0356 
26      1.1267      0.2248 
27      1.0876      0.3673 
28      1.0921      0.5141 
29      1.0063      0.6699 
30      0.8998      0.7236 
31      0.9341      0.7671 
32      0.9291      0.6865 
33      0.9729      0.6354 
34      1.1313      0.7133 
35      1.2235      0.6524 
36      1.2666      0.4510 
37      1.1706      0.1654 
38      1.1070     -0.1932 
39      1.1149     -0.5484 
40      1.1831     -0.7983 
41      1.1049     -0.8827 
42      0.9584     -0.8948 
43      1.0543     -0.7024 
44      1.2350     -0.4967 
45      1.4466     -0.1658 
46      1.5129      0.2044 
47      1.5485      0.4499 
48      1.6795      0.4874 
49      1.5727      0.2334 
50      1.5070     -0.3953 
