00     -0.2070      0.9684 
01      0.0969      1.0551 
02      0.4492      1.2037 
03      0.8132      1.3058 
04      1.1519      1.5276 
05      1.4287      1.6724 
06      1.6066      1.9050 
07      1.5628      1.9641 
08      1.2427      1.8967 
09      0.7688      1.5141 
10      0.3785      1.1455 
11     -0.0214      0.6491 
12     -0.3463      0.2987 
13     -0.6174     -0.0561 
14     -0.5132     -0.2460 
15     -0.6059     -0.2671 
16     -0.6884     -0.0987 
17     -0.6901     -0.0464 
18     -0.9228      0.1002 
19     -1.3242      0.1526 
20     -1.6984      0.1219 
21     -1.7891     -0.1609 
22     -1.8614     -0.2699 
23     -1.8644     -0.4096 
24     -1.8091     -0.2680 
25     -1.4289     -0.1478 
26     -0.9663     -0.0881 
27     -0.6992     -0.1789 
28     -0.2652     -0.1804 
29      0.1606     -0.0820 
30      0.4713      0.1210 
31      0.6617      0.2408 
32      0.9068      0.2830 
33      1.0794      0.2271 
34      0.9574      0.1620 
35      0.7629      0.1228 
36      0.6208      0.0118 
37      0.4057     -0.2506 
38      0.1489     -0.5256 
39     -0.0133     -0.6465 
40     -0.2670     -0.3998 
41     -0.5397     -0.0468 
42     -0.6327      0.3011 
43     -0.6083      0.7291 
44     -0.4045      1.0306 
45     -0.2909      1.2414 
46     -0.1063      1.2935 
47      0.3730      1.1953 
48      1.0475      0.9235 
49      1.4601      0.4549 
50      2.0660     -0.2334 
