00      0.0772      0.2420 
01      0.0949     -0.0693 
02      0.1231     -0.6228 
03      0.1589     -0.9942 
04      0.1994     -1.2914 
05      0.2417     -1.4788 
06      0.2829     -1.6682 
07      0.3551     -1.7831 
08      0.4087     -1.5357 
09      0.2373     -1.1943 
10      0.1873     -0.9182 
11      0.4226     -0.6644 
12      0.5623     -0.3119 
13      0.6601      0.1485 
14      0.9909      0.5410 
15      1.2651      0.8891 
16      1.4997      0.9545 
17      1.6464      0.8313 
18      1.6552      0.5804 
19      1.7348      0.4068 
20      1.5320      0.3020 
21      1.2597      0.0652 
22      1.1358     -0.2522 
23      0.9452     -0.5528 
24      0.6167     -0.7279 
25      0.3474     -0.6488 
26      0.2324     -0.7038 
27      0.2444     -0.8765 
28      0.4335     -1.0661 
29      0.5332     -1.2271 
30      0.7413     -1.3747 
31      0.9453     -1.3388 
32      0.9917     -1.4414 
33      1.0706     -1.5590 
34      1.1204     -1.6983 
35      1.0533     -1.9593 
36      1.1060     -2.1223 
37      1.3714     -2.0184 
38      1.4582     -1.9578 
39      1.7389     -1.7524 
40      1.9221     -1.5023 
41      1.9845     -1.1981 
42      2.0058     -0.7956 
43      1.7758     -0.4198 
44      1.4890     -0.1728 
45      1.2157     -0.0369 
46      0.7888     -0.0931 
47      0.3423     -0.2143 
48      0.1404     -0.3753 
49      0.0814     -0.5510 
50     -0.2373     -0.7163 
