00     -2.1650     -0.1918 
01     -1.3349     -0.1637 
02     -0.7769     -0.2786 
03     -0.4461     -0.0067 
04     -0.2979      0.2837 
05     -0.2874      0.7188 
06     -0.3700      1.1911 
07     -0.3924      1.4970 
08     -0.4439      1.8057 
09     -0.5165      2.0697 
10     -0.6002      2.2000 
11     -0.6968      2.1614 
12     -0.7078      2.1030 
13     -0.6424      2.0667 
14     -0.4652      1.9162 
15     -0.3221      1.7840 
16     -0.3057      1.6355 
17     -0.2353      1.5812 
18     -0.3285      1.4276 
19     -0.3729      1.0932 
20     -0.3713      0.8019 
21     -0.4601      0.7628 
22     -0.7851      0.7794 
23     -1.0829      0.7617 
24     -1.2429      0.6846 
25     -1.1674      0.3136 
26     -0.9011     -0.1763 
27     -0.6408     -0.7695 
28     -0.5493     -1.1188 
29     -0.4164     -1.4939 
30     -0.2095     -1.7708 
31      0.0696     -2.0668 
32      0.3087     -2.1289 
33      0.4967     -1.7366 
34      0.5340     -1.3302 
35      0.6045     -0.9343 
36      0.5717     -0.8218 
37      0.6083     -0.8284 
38      0.6435     -0.7514 
39      0.3922     -1.0780 
40      0.0697     -1.1871 
41     -0.1383     -1.3130 
42     -0.3503     -1.2039 
43     -0.3485     -1.0579 
44     -0.2855     -0.5674 
45      0.0078      0.0775 
46      0.2698      0.5792 
47      0.5332      0.9288 
48      0.7115      1.0450 
49      1.0228      0.8467 
50      1.3136      0.2527 
