00      0.2149      0.0748 
01      0.1373     -0.0550 
02      0.2831     -0.1921 
03      0.5798     -0.1111 
04      0.9551      0.0690 
05      1.3366      0.3362 
06      1.6519      0.5161 
07      1.7277      0.5645 
08      1.4699      0.7020 
09      0.9370      0.8435 
10      0.2688      0.7351 
11     -0.3397      0.4303 
12     -0.6449      0.1179 
13     -0.8498     -0.1982 
14     -0.7571     -0.3011 
15     -0.8429     -0.2121 
16     -0.8048     -0.2843 
17     -0.9022     -0.1958 
18     -0.9691     -0.1283 
19     -1.0924     -0.1427 
20     -1.3030     -0.2597 
21     -1.5425     -0.4777 
22     -1.5256     -0.8293 
23     -1.2957     -1.1942 
24     -1.0335     -1.4764 
25     -0.8902     -1.6636 
26     -0.7104     -1.4314 
27     -0.6818     -1.0757 
28     -0.9010     -0.8300 
29     -1.2669     -0.4730 
30     -1.7117     -0.1954 
31     -2.0812      0.2248 
32     -2.4081      0.3924 
33     -2.4673      0.4359 
34     -2.2682      0.4317 
35     -2.0055      0.2620 
36     -1.7850     -0.0853 
37     -1.6407     -0.3480 
38     -1.3105     -0.5921 
39     -1.1629     -0.7909 
40     -1.2958     -1.0284 
41     -1.5134     -1.4278 
42     -1.8257     -1.7444 
43     -1.7788     -1.9367 
44     -1.9088     -2.0748 
45     -1.7970     -2.1255 
46     -1.4092     -2.0604 
47     -0.8254     -1.8428 
48     -0.2593     -1.4448 
49      0.2463     -0.8384 
50      0.7951      0.0044 
