00      1.3144      1.8103 
01      1.0348      2.0573 
02      0.8489      2.0195 
03      0.7382      1.8840 
04      0.6841      1.6465 
05      0.6678      1.6221 
06      0.6709      1.7456 
07      0.5081      1.8957 
08      0.4213      2.0035 
09      0.5463      1.9252 
10      0.6199      1.7143 
11      0.7185      1.6022 
12      0.7244      1.5835 
13      0.7054      1.2984 
14      0.8250      0.8660 
15      0.8977      0.4901 
16      1.1143      0.0680 
17      1.1968     -0.1695 
18      1.0876     -0.2802 
19      0.9589     -0.3599 
20      0.8539     -0.4074 
21      0.7231     -0.4074 
22      0.4514     -0.2320 
23      0.0355      0.2006 
24     -0.4857      0.5705 
25     -1.1227      0.7654 
26     -1.5052      0.8647 
27     -1.6922      0.8390 
28     -1.8105      0.8169 
29     -1.8503      0.6969 
30     -1.6795      0.5031 
31     -1.4592      0.2515 
32     -1.1635     -0.1294 
33     -0.8822     -0.5506 
34     -0.7884     -0.9568 
35     -0.7237     -1.1843 
36     -0.5772     -1.4730 
37     -0.5703     -1.6924 
38     -0.3953     -1.8047 
39     -0.1564     -1.7273 
40      0.0896     -1.4636 
41      0.2600     -1.1701 
42      0.3596     -0.6129 
43      0.4078     -0.0955 
44      0.4327      0.1982 
45      0.3830      0.2652 
46      0.2730      0.2276 
47      0.2922      0.0446 
48      0.3995     -0.2922 
49      0.3430     -0.7910 
50      0.2764     -1.4604 
