00      3.0402     -0.3050 
01      2.0181     -0.3164 
02      1.2679     -0.2984 
03      0.7646     -0.3504 
04      0.4831     -0.3204 
05      0.3984     -0.2491 
06      0.4853     -0.2807 
07      0.8247     -0.3234 
08      1.0856     -0.1964 
09      1.6325     -0.0464 
10      2.1123      0.0774 
11      2.5633      0.1003 
12      2.5445      0.1560 
13      2.4501      0.2328 
14      1.8984      0.3404 
15      1.3147      0.2043 
16      0.7862      0.1650 
17      0.4539      0.2527 
18      0.1605      0.2091 
19     -0.1669      0.2054 
20     -0.3679      0.3446 
21     -0.2484      0.4266 
22     -0.1612      0.3855 
23     -0.1552      0.3267 
24     -0.2532      0.1626 
25     -0.3066     -0.0027 
26     -0.5291     -0.0705 
27     -0.6391     -0.2746 
28     -0.6135     -0.2619 
29     -0.4038     -0.2735 
30     -0.3510     -0.1095 
31     -0.3500      0.2340 
32     -0.2295      0.4407 
33     -0.0900      0.6370 
34      0.0622      0.7626 
35     -0.0031      0.8985 
36     -0.4018      0.9450 
37     -0.8415      1.1266 
38     -1.2817      1.0937 
39     -1.7362      0.8975 
40     -2.0563      0.6197 
41     -2.2913      0.3114 
42     -2.3625      0.1081 
43     -2.1616     -0.0179 
44     -1.8384     -0.1033 
45     -1.3528      0.0730 
46     -0.6852      0.3946 
47     -0.1115      0.7916 
48      0.2658      1.2312 
49      0.8018      1.6805 
50      1.0132      2.1066 
