00      0.1919     -1.0908 
01      0.7672     -0.8748 
02      1.2302     -0.3257 
03      1.5813      0.2147 
04      1.8210      0.7084 
05      1.9497      0.9854 
06      1.9678      1.0339 
07      1.8091      0.9906 
08      1.5273      0.7986 
09      1.2081      0.4916 
10      0.9483      0.1137 
11      0.7363     -0.1609 
12      0.4494     -0.3832 
13      0.2510     -0.7253 
14     -0.0955     -0.7021 
15     -0.1754     -0.6117 
16     -0.2071     -0.5666 
17     -0.2908     -0.5225 
18     -0.5465     -0.5150 
19     -0.8975     -0.5221 
20     -1.0774     -0.5650 
21     -1.2390     -0.6707 
22     -1.1667     -0.7875 
23     -1.0930     -0.8714 
24     -1.0356     -0.8977 
25     -0.8320     -0.9409 
26     -0.8082     -0.9248 
27     -0.6396     -0.9490 
28     -0.4466     -1.0166 
29     -0.4141     -0.9471 
30     -0.4719     -0.8874 
31     -0.7257     -0.9505 
32     -0.8862     -1.1034 
33     -1.0203     -1.2283 
34     -1.1814     -1.1427 
35     -1.2517     -0.9815 
36     -1.1955     -0.6000 
37     -1.0032     -0.1793 
38     -0.7590      0.1994 
39     -0.4025      0.5612 
40      0.0479      0.8052 
41      0.5754      0.8905 
42      1.0100      0.8555 
43      1.2190      0.8806 
44      1.2923      0.9679 
45      1.3303      1.1169 
46      1.2623      1.4018 
47      1.2785      1.6203 
48      1.1645      1.7055 
49      0.9369      1.5906 
50      0.8303      1.2086 
