00      1.1475      1.0867 
01     -0.2329      1.1770 
02     -1.1401      1.0523 
03     -1.6378      1.0228 
04     -1.7898      1.0067 
05     -1.6598      1.0064 
06     -1.3116      0.8869 
07     -0.8445      0.7125 
08     -0.0866      0.4788 
09      0.5225      0.1476 
10      0.9884     -0.0226 
11      1.3202      0.0063 
12      1.3613      0.0044 
13      1.3202      0.1072 
14      1.1047      0.1993 
15      0.6809      0.4718 
16      0.1438      0.8237 
17     -0.2730      1.1237 
18     -0.4442      1.3024 
19     -0.4615      1.4486 
20     -0.3063      1.4921 
21     -0.1316      1.4304 
22      0.1813      1.3622 
23      0.3052      1.3506 
24      0.2287      1.1970 
25      0.2493      0.9456 
26     -0.0511      0.7471 
27     -0.1433      0.5374 
28     -0.1121      0.3454 
29     -0.0709      0.1219 
30     -0.0781     -0.1681 
31     -0.2185     -0.2628 
32     -0.3301     -0.3611 
33     -0.4914     -0.3218 
34     -0.7516     -0.0016 
35     -1.0925      0.3666 
36     -1.5031      0.5852 
37     -1.8654      0.5932 
38     -2.3140      0.5743 
39     -2.2576      0.3881 
40     -2.1270      0.2178 
41     -1.8866     -0.0243 
42     -1.6908     -0.3622 
43     -1.2436     -0.6048 
44     -0.5816     -0.8295 
45      0.1476     -0.7407 
46      0.7849     -0.6094 
47      1.2498     -0.4324 
48      1.4299     -0.2330 
49      1.5293     -0.0342 
50      1.4951      0.1409 
