00     -0.5601      0.9436 
01     -0.3409      0.6811 
02     -0.1758      0.6277 
03     -0.0504      0.4238 
04      0.0495      0.0301 
05      0.1382     -0.4583 
06      0.2299     -0.7890 
07      0.5913     -1.1971 
08      0.7943     -1.5599 
09      0.8729     -1.6873 
10      0.7465     -1.8372 
11      0.6499     -1.8015 
12      0.3793     -1.7839 
13      0.2726     -1.6639 
14     -0.2249     -1.4189 
15     -0.5827     -1.2693 
16     -0.8517     -1.0478 
17     -0.9554     -0.7288 
18     -0.8193     -0.3867 
19     -0.4072     -0.2480 
20     -0.0376     -0.0895 
21      0.2118      0.0285 
22      0.4552      0.1313 
23      0.7415      0.1634 
24      0.7691      0.0513 
25      0.8919      0.0385 
26      0.5433      0.2099 
27      0.2570      0.2180 
28     -0.1152      0.1813 
29     -0.3374      0.1078 
30     -0.5561      0.0560 
31     -0.5889      0.1129 
32     -0.4084      0.1044 
33     -0.0857      0.0343 
34      0.3302     -0.0231 
35      0.6602     -0.0853 
36      0.9906     -0.2446 
37      1.3261     -0.1654 
38      1.2558     -0.2493 
39      1.2281     -0.4869 
40      1.0155     -0.7566 
41      0.7124     -0.9471 
42      0.2697     -1.0401 
43     -0.0665     -1.3121 
44     -0.3853     -1.6110 
45     -0.7470     -1.9080 
46     -1.1742     -2.2505 
47     -1.4300     -2.5283 
48     -1.4344     -2.6997 
49     -1.3250     -2.7235 
50     -1.1917     -2.5582 
