00      1.1908      2.4979 
01      1.3605      2.6894 
02      1.3169      2.7243 
03      1.1060      2.6672 
04      0.7738      2.4784 
05      0.3663      2.1296 
06     -0.0704      2.0654 
07     -0.3875      1.6871 
08     -0.7776      1.2388 
09     -1.0739      0.8012 
10     -1.0772      0.3463 
11     -0.8966     -0.0181 
12     -0.4766     -0.4415 
13     -0.2733     -0.7502 
14      0.0530     -0.8536 
15      0.3100     -0.8715 
16      0.6012     -0.7689 
17      0.6578     -0.6106 
18      0.6416     -0.2996 
19      0.6509     -0.4688 
20      0.5268     -0.7225 
21      0.3861     -0.8850 
22      0.3383     -0.9481 
23      0.4015     -0.9573 
24      0.4148     -1.0783 
25      0.1670     -0.9858 
26      0.0750     -0.6198 
27     -0.1321     -0.0079 
28     -0.2767      0.5568 
29     -0.3757      1.1404 
30     -0.3450      1.5522 
31     -0.1580      1.6005 
32     -0.0132      1.4112 
33      0.0705      1.1501 
34      0.3340      0.8677 
35      0.6073      0.6023 
36      0.7633      0.0904 
37      0.6544     -0.2415 
38      0.3732     -0.4415 
39     -0.1027     -0.3316 
40     -0.4037     -0.2509 
41     -0.7516      0.0767 
42     -0.9228      0.4612 
43     -0.8863      0.6765 
44     -0.9079      0.7524 
45     -0.9255      0.7483 
46     -0.8563      0.7177 
47     -0.7825      0.5628 
48     -0.7793      0.2577 
49     -0.9866     -0.2236 
50     -1.3386     -0.9068 
