00      1.4533     -0.3473 
01      2.3910     -0.2667 
02      2.9017     -0.1191 
03      3.0642      0.1516 
04      2.9574      0.2842 
05      2.6600      0.1774 
06      2.2509      0.0423 
07      1.8004      0.0855 
08      1.6438      0.1086 
09      1.5117      0.2302 
10      1.5111      0.3692 
11      1.5755      0.4455 
12      1.6816      0.4774 
13      1.8957      0.5563 
14      1.8436      0.5559 
15      1.5493      0.5313 
16      1.0641      0.4468 
17      0.4454      0.3861 
18     -0.1090      0.4294 
19     -0.6691      0.3385 
20     -1.1331      0.2749 
21     -1.3911      0.2165 
22     -1.3378      0.3624 
23     -1.0703      0.3468 
24     -0.5182      0.4560 
25      0.0818      0.5733 
26      0.6352      0.5386 
27      1.0455      0.5741 
28      1.5250      0.8125 
29      1.8696      1.0294 
30      2.1650      1.2118 
31      2.1782      1.3562 
32      2.0589      1.4416 
33      2.0705      1.5288 
34      2.1225      1.6593 
35      2.2308      1.6254 
36      2.2119      1.6688 
37      2.1449      1.5963 
38      2.0968      1.3656 
39      1.8954      1.1578 
40      1.6460      1.0600 
41      1.4644      0.7746 
42      1.2232      0.5948 
43      1.1629      0.6410 
44      0.9677      0.4596 
45      1.0215      0.3901 
46      1.0012      0.3807 
47      1.0191      0.3765 
48      0.6942      0.3607 
49      0.3807      0.3162 
50      0.0748      0.2260 
