00      0.8506     -0.1357 
01      0.7968     -0.0522 
02      0.6984      0.1114 
03      0.5609      0.2620 
04      0.3895      0.5260 
05      0.1896      0.6842 
06     -0.0333      0.6608 
07     -0.3591      0.6377 
08     -0.7190      0.6477 
09     -0.9374      0.4514 
10     -1.1154      0.2120 
11     -1.1005     -0.2228 
12     -1.0962     -0.5343 
13     -1.1174     -0.8400 
14     -0.9726     -0.7794 
15     -0.5070     -0.6253 
16      0.1407     -0.2242 
17      0.7249      0.1581 
18      1.3180      0.5913 
19      1.7380      0.9680 
20      1.7945      1.1541 
21      1.7556      1.2264 
22      1.3877      1.2388 
23      0.8849      1.3009 
24      0.0984      1.5540 
25     -0.6759      1.7367 
26     -1.2131      1.7961 
27     -1.7099      1.5287 
28     -2.0803      1.3718 
29     -2.2929      0.8724 
30     -2.1970      0.1534 
31     -2.1177     -0.8506 
32     -2.0077     -1.5368 
33     -1.8572     -1.9967 
34     -1.6738     -2.1541 
35     -1.3040     -2.1081 
36     -0.9898     -1.9270 
37     -0.7366     -1.6791 
38     -0.2785     -1.5768 
39     -0.0309     -1.2780 
40      0.0990     -0.8542 
41      0.1976     -0.5891 
42      0.3307     -0.5793 
43      0.4086     -0.6487 
44      0.3608     -0.5638 
45      0.1446     -0.4854 
46      0.1125     -0.4365 
47     -0.0005     -0.4152 
48     -0.2336     -0.4275 
49     -0.3674     -0.4795 
50     -0.2345     -0.5774 
