00      0.0738     -1.4681 
01      0.3861     -1.4270 
02      0.4978     -1.4402 
03      0.4426     -1.4354 
04      0.2545     -1.3002 
05     -0.0328     -1.2550 
06     -0.3855     -1.2523 
07     -0.7598     -1.3272 
08     -1.0820     -1.3158 
09     -1.4294     -1.3295 
10     -1.7994     -1.2643 
11     -2.1092     -1.2246 
12     -2.1184     -1.1775 
13     -2.0745     -1.0721 
14     -1.9628     -0.9718 
15     -1.6656     -0.6716 
16     -1.2905     -0.3522 
17     -0.9880     -0.0781 
18     -0.5201      0.4431 
19     -0.0483      0.9141 
20      0.3166      1.1378 
21      0.5013      1.2393 
22      0.5595      1.3641 
23      0.6274      1.4372 
24      0.7179      1.3531 
25      0.7407      1.3674 
26      0.7214      1.4206 
27      0.6784      1.4288 
28      0.5978      1.4781 
29      0.4541      1.6221 
30      0.3941      1.9080 
31      0.2706      1.9645 
32      0.1374      1.7059 
33      0.0153      1.3948 
34     -0.3249      1.1313 
35     -0.7461      0.7503 
36     -1.0515      0.3081 
37     -1.2202     -0.1355 
38     -1.4548     -0.5625 
39     -1.6751     -0.9682 
40     -1.6813     -1.1118 
41     -1.6329     -1.0471 
42     -1.5114     -0.9744 
43     -1.2586     -0.8897 
44     -0.9689     -0.7892 
45     -0.7874     -0.6193 
46     -0.6840     -0.3991 
47     -0.6832     -0.1451 
48     -0.5153      0.1382 
49     -0.2760      0.4462 
50     -0.1958      0.7743 
