00     -3.1934     -0.6905 
01     -2.5420     -0.7906 
02     -1.9755     -0.8115 
03     -1.4959     -0.6360 
04     -1.1055     -0.7862 
05     -0.8065     -0.9597 
06     -0.6012     -1.0370 
07     -0.3342     -1.0365 
08     -0.4145     -1.0106 
09     -0.6521     -1.0491 
10     -1.0144     -0.9219 
11     -1.5051     -1.1091 
12     -1.9433     -0.9964 
13     -2.2770     -0.7130 
14     -2.3955     -0.6928 
15     -2.4477     -0.8427 
16     -2.4983     -1.0622 
17     -2.2564     -1.2443 
18     -1.6031     -1.2822 
19     -0.7909     -1.2339 
20     -0.2133     -1.1004 
21      0.2074     -0.8808 
22      0.3384     -0.5761 
23      0.2487     -0.3270 
24     -0.0142     -0.0061 
25     -0.4282      0.3534 
26     -0.6404      0.4039 
27     -1.0775      0.4485 
28     -1.5457      0.5711 
29     -1.6340      0.6060 
30     -1.6368      0.7115 
31     -1.5358      0.7193 
32     -1.6034      0.9278 
33     -1.5992      1.0979 
34     -1.5435      1.0050 
35     -1.4181      0.7682 
36     -1.1784      0.6222 
37     -0.9660      0.6086 
38     -0.4090      0.4207 
39      0.0779      0.3781 
40      0.6148      0.4173 
41      1.1015      0.4335 
42      1.3493      0.6288 
43      1.2731      0.6160 
44      0.9564      0.6024 
45      0.4596      0.5047 
46     -0.1018      0.1347 
47     -0.6375     -0.3479 
48     -1.1648     -0.9290 
49     -1.5832     -1.5942 
50     -1.9633     -2.3292 
