00     -0.8982      1.6782 
01      0.3085      1.6651 
02      1.2172      1.4912 
03      1.8556      1.0834 
04      2.2512      0.6050 
05      2.4315      0.4318 
06      2.4241      0.6888 
07      2.2344      1.1763 
08      1.8265      1.6525 
09      1.4179      2.0525 
10      1.1536      2.2880 
11      1.0022      2.2701 
12      0.7639      2.1849 
13      0.4162      1.8718 
14      0.1301      1.5400 
15      0.1499      1.0734 
16      0.0149      0.7075 
17     -0.3922      0.7384 
18     -0.6960      0.7120 
19     -0.9017      0.5097 
20     -1.1010      0.2719 
21     -1.1605      0.1978 
22     -1.0312      0.1068 
23     -0.8976      0.0285 
24     -0.7673      0.1036 
25     -0.6543      0.3229 
26     -0.5257      0.3595 
27     -0.2921      0.5588 
28     -0.1001      0.7418 
29     -0.0253      1.0202 
30     -0.1306      1.2624 
31     -0.1981      1.4850 
32     -0.4895      1.6682 
33     -0.9693      1.7639 
34     -1.4615      1.7683 
35     -1.7555      1.6088 
36     -1.6735      1.2126 
37     -1.4678      0.7205 
38     -1.1722     -0.0240 
39     -0.7225     -0.3899 
40     -0.2872     -0.7196 
41      0.1320     -0.7044 
42      0.4787     -0.4515 
43      0.8344      0.0266 
44      0.9054      0.3345 
45      0.6774      0.7604 
46      0.5454      1.1544 
47      0.5433      1.5143 
48      0.5658      1.8150 
49      0.1996      2.0315 
50     -0.1202      2.1388 
