00     -2.0354      0.8574 
01     -1.8372      0.6944 
02     -1.6979      0.4811 
03     -1.5982      0.0802 
04     -1.5186     -0.2901 
05     -1.4396     -0.5045 
06     -1.3419     -0.7865 
07     -1.0873     -0.8365 
08     -0.8411     -0.8038 
09     -0.5836     -0.8259 
10     -0.3123     -0.8653 
11     -0.0995     -0.9151 
12      0.0904     -0.9078 
13      0.2674     -0.6641 
14      0.4575     -0.4755 
15      0.5580     -0.2806 
16      0.6057     -0.1209 
17      0.6372     -0.0307 
18      0.5408     -0.1198 
19      0.7429     -0.1979 
20      0.9147     -0.3565 
21      0.9667     -0.5516 
22      0.9166     -0.6517 
23      0.9084     -0.7619 
24      1.1276     -0.8747 
25      1.2612     -0.9336 
26      1.2574     -0.9978 
27      1.1728     -0.9945 
28      1.0194     -1.0178 
29      0.7144     -1.0183 
30      0.2445     -1.1709 
31     -0.1136     -1.3330 
32     -0.4644     -1.3478 
33     -0.7122     -1.3216 
34     -0.8177     -1.2103 
35     -0.6801     -0.9944 
36     -0.2837     -0.7629 
37      0.0741     -0.5164 
38      0.3062     -0.3282 
39      0.5323     -0.1148 
40      0.7515      0.1472 
41      0.7848      0.4710 
42      0.6188      0.8462 
43      0.4465      1.1046 
44      0.2714      1.5657 
45      0.0503      1.8899 
46     -0.1118      2.2521 
47     -0.2500      2.5149 
48     -0.4021      2.6340 
49     -0.5209      2.5649 
50     -0.5843      2.2632 
