00     -0.8937     -0.4325 
01     -1.2734     -0.5792 
02     -1.4794     -0.6616 
03     -1.5444     -0.6202 
04     -1.5012     -0.5490 
05     -1.3827     -0.3022 
06     -1.2218     -0.0380 
07     -1.1144      0.1380 
08     -0.9844      0.2415 
09     -0.9455      0.0395 
10     -1.0374     -0.1223 
11     -1.0191     -0.5024 
12     -1.0635     -0.7219 
13     -1.0780     -0.9022 
14     -1.0627     -0.9220 
15     -0.9906     -0.9010 
16     -0.7756     -0.8884 
17     -0.5578     -0.6922 
18     -0.4321     -0.4926 
19     -0.4163     -0.3564 
20     -0.2589     -0.2045 
21     -0.0910     -0.2213 
22      0.0047     -0.2189 
23      0.2265     -0.4703 
24      0.4505     -0.6839 
25      0.7745     -0.7923 
26      1.0252     -0.8785 
27      1.1391     -0.8162 
28      1.2697     -0.5250 
29      1.3009     -0.2566 
30      1.1950      0.0195 
31      1.0346      0.2677 
32      0.9603      0.5928 
33      0.8833      0.9221 
34      0.8367      1.0717 
35      0.8225      0.9517 
36      0.7759      0.7296 
37      0.6065      0.6202 
38      0.3259      0.4732 
39      0.0385      0.5658 
40     -0.0750      0.7173 
41     -0.2851      0.7733 
42     -0.6628      0.8878 
43     -1.0651      0.9163 
44     -1.5336      0.8126 
45     -1.8420      0.7761 
46     -1.9069      0.4594 
47     -1.8279      0.0439 
48     -1.6788     -0.4568 
49     -1.3485     -1.0288 
50     -0.6935     -1.6583 
