00     -1.4379      1.1188 
01     -1.5537      1.3763 
02     -1.5771      1.8620 
03     -1.5250      2.1415 
04     -1.4150      2.1969 
05     -1.2641      2.1285 
06     -1.0896      2.1776 
07     -1.0074      1.9474 
08     -0.7809      1.4460 
09     -0.6268      0.7974 
10     -0.5048      0.2849 
11     -0.3294     -0.2750 
12     -0.3077     -0.8308 
13     -0.2965     -1.2081 
14     -0.1468     -1.3656 
15      0.1081     -1.5121 
16      0.2941     -1.4631 
17      0.4210     -1.0792 
18      0.3845     -0.4209 
19      0.4645      0.1632 
20      0.5426      0.5177 
21      0.2994      0.8862 
22     -0.0277      1.3245 
23     -0.2333      1.6792 
24     -0.3158      1.7489 
25     -0.4502      1.6512 
26     -0.5245      1.4549 
27     -0.4329      1.3173 
28     -0.3859      1.2556 
29     -0.2750      1.1011 
30     -0.0926      0.9171 
31      0.0910      0.6239 
32      0.3696      0.2944 
33      0.5207     -0.0232 
34      0.5970     -0.0664 
35      0.8553     -0.0589 
36      1.1301     -0.1323 
37      1.1441     -0.0398 
38      1.2190      0.0280 
39      1.1485      0.2015 
40      1.0121      0.2506 
41      0.8434      0.0098 
42      0.4725     -0.3221 
43     -0.0899     -0.7126 
44     -0.4806     -1.0657 
45     -0.9234     -1.4639 
46     -1.4439     -1.6495 
47     -1.6539     -1.6853 
48     -1.7204     -1.5370 
49     -1.5725     -1.1705 
50     -1.1209     -0.5515 
