00     -1.3137      1.6707 
01     -0.9064      1.9284 
02     -0.5895      2.0051 
03     -0.3514      1.8374 
04     -0.1799      1.6198 
05     -0.0632      1.3723 
06      0.0106      1.0565 
07      0.1622      0.7854 
08      0.2584      0.4853 
09      0.2721      0.3692 
10      0.1578      0.3044 
11     -0.0734      0.3796 
12     -0.4535      0.4737 
13     -0.8575      0.6171 
14     -1.1266      0.5545 
15     -1.1626      0.4384 
16     -1.0135      0.4138 
17     -0.8007      0.4515 
18     -0.3242      0.5033 
19      0.3376      0.6432 
20      1.1832      0.8050 
21      1.9264      1.0291 
22      2.4752      1.0619 
23      2.7650      0.8715 
24      2.7904      0.6929 
25      2.6157      0.6906 
26      2.2434      0.7339 
27      1.7275      0.7407 
28      1.3092      0.8205 
29      0.8078      0.7923 
30      0.2426      0.9612 
31     -0.3185      1.0982 
32     -0.6873      1.3423 
33     -0.8745      1.4375 
34     -0.9605      1.4626 
35     -1.0082      1.1626 
36     -1.0653      1.0908 
37     -1.2814      1.1159 
38     -1.3616      1.1162 
39     -1.3522      0.9628 
40     -1.1933      0.7281 
41     -1.1088      0.5584 
42     -1.1169      0.5482 
43     -1.1012      0.5209 
44     -0.9506      0.6876 
45     -0.8073      0.6950 
46     -0.7332      0.7742 
47     -0.8223      0.8655 
48     -0.8919      0.9667 
49     -1.0106      1.0752 
50     -0.9070      1.1888 
