00     -3.3389     -0.5431 
01     -2.8227     -0.7021 
02     -2.3549     -0.8306 
03     -1.9384     -1.0772 
04     -1.5759     -1.2741 
05     -1.2702     -1.3677 
06     -1.0239     -1.3094 
07     -0.8956     -1.1238 
08     -0.9012     -0.8650 
09     -0.8010     -0.2203 
10     -0.7805      0.4700 
11     -0.5668      0.8708 
12     -0.2716      1.1311 
13      0.2394      1.2323 
14      0.5707      1.3960 
15      0.8588      1.3778 
16      1.0496      1.3753 
17      1.0029      1.2618 
18      0.7171      1.0483 
19      0.2550      0.6518 
20      0.0272      0.3330 
21      0.0135     -0.0274 
22      0.1236     -0.4265 
23      0.2990     -0.6734 
24      0.6764     -0.8141 
25      1.0197     -0.5841 
26      1.0101     -0.2318 
27      1.0348      0.1768 
28      0.9632      0.7538 
29      0.6372      1.2044 
30      0.2643      1.4818 
31     -0.0337      1.3943 
32     -0.1931      1.2726 
33     -0.4076      1.0439 
34     -0.4150      0.6145 
35     -0.5454      0.4592 
36     -0.4727      0.3383 
37     -0.5183      0.3288 
38     -0.6205      0.2630 
39     -0.6114      0.3182 
40     -0.4041      0.4366 
41     -0.2064      0.4105 
42      0.1653      0.2120 
43      0.5042      0.0197 
44      0.7726      0.0863 
45      1.1615      0.2555 
46      1.6145      0.3527 
47      1.5945      0.5285 
48      1.4551      0.8056 
49      1.2819      1.2065 
50      1.2712      1.7539 
