00     -3.2470      0.8299 
01     -2.1156      0.5120 
02     -1.3514      0.0626 
03     -0.8925     -0.4416 
04     -0.6770     -1.0179 
05     -0.6429     -1.3239 
06     -0.7283     -1.4856 
07     -0.7926     -1.5111 
08     -0.8584     -1.5404 
09     -0.9538     -1.3093 
10     -0.7516     -1.1546 
11     -0.5626     -0.9705 
12     -0.4006     -0.8278 
13     -0.1798     -0.6841 
14     -0.0355     -0.7476 
15      0.1176     -0.9917 
16      0.5472     -1.6157 
17      0.6063     -2.1564 
18      0.6685     -2.5255 
19      0.6107     -2.8132 
20      0.6082     -2.9954 
21      0.6226     -2.9146 
22      0.5461     -2.7610 
23      0.4853     -2.3759 
24      0.4144     -1.7869 
25      0.1721     -1.0792 
26     -0.2402     -0.5262 
27     -0.2058     -0.0382 
28     -0.0919      0.1791 
29     -0.1110      0.4051 
30     -0.1202      0.5059 
31     -0.0262      0.3110 
32      0.1057      0.0369 
33      0.3608     -0.2500 
34      0.4863     -0.6345 
35      0.5654     -0.7524 
36      0.4218     -0.7098 
37     -0.0163     -0.4720 
38     -0.5131     -0.4033 
39     -0.6412     -0.2873 
40     -0.6938     -0.1211 
41     -0.5995      0.0273 
42     -0.4783      0.1981 
43     -0.2066      0.3887 
44      0.0937      0.5343 
45      0.6941      0.5823 
46      1.0698      0.6580 
47      1.2524      0.7093 
48      1.1385      0.7332 
49      0.8993      0.7264 
50      0.5528      0.6858 
