00      1.0108     -0.4885 
01      1.0176      0.0187 
02      1.0681      0.5915 
03      1.1508      1.1160 
04      1.2543      1.4807 
05      1.3674      1.6933 
06      1.4786      1.8342 
07      1.5969      1.7504 
08      1.6282      1.5924 
09      1.6115      1.1377 
10      1.6256      0.8402 
11      1.5348      0.5106 
12      1.5889      0.2721 
13      1.6847      0.0224 
14      1.7748     -0.0062 
15      1.5961      0.2094 
16      1.2822      0.3632 
17      0.9570      0.5124 
18      0.5471      0.5692 
19      0.2168      0.3633 
20     -0.0428      0.2473 
21     -0.1918     -0.1057 
22     -0.3511     -0.4943 
23     -0.3219     -0.8638 
24     -0.2729     -0.9329 
25     -0.1496     -0.9617 
26      0.1793     -0.7237 
27      0.4440     -0.5473 
28      0.7697     -0.3628 
29      1.0090     -0.2012 
30      1.2268     -0.0035 
31      1.4349      0.1604 
32      1.6092      0.4020 
33      1.6611      0.4522 
34      1.4709      0.4439 
35      1.3556      0.5553 
36      1.0043      0.7761 
37      0.7730      0.9179 
38      0.7418      0.9868 
39      0.5362      0.8599 
40      0.4020      0.5425 
41      0.3222      0.2450 
42      0.5497      0.0070 
43      0.7696     -0.2113 
44      1.1131     -0.3428 
45      1.2779     -0.4847 
46      1.5757     -0.4691 
47      1.8273     -0.4274 
48      1.8517     -0.3834 
49      1.8524     -0.3612 
50      1.6459     -0.3846 
