00      0.1176     -0.5362 
01     -0.3472     -0.3421 
02     -0.6624     -0.1265 
03     -0.8606      0.0347 
04     -0.9746     -0.0290 
05     -1.0370     -0.0071 
06     -1.0806     -0.1966 
07     -1.2286     -0.3862 
08     -1.4174     -0.8283 
09     -1.7642     -1.1548 
10     -1.9800     -1.4297 
11     -2.0865     -1.4769 
12     -2.2204     -1.3458 
13     -2.1897     -1.2674 
14     -2.0645     -1.1626 
15     -1.7827     -1.0233 
16     -1.3028     -0.9122 
17     -0.9036     -0.6659 
18     -0.4895     -0.6395 
19     -0.0996     -0.4853 
20      0.2453     -0.3829 
21      0.3486     -0.2135 
22      0.3030     -0.2426 
23      0.1180     -0.0439 
24     -0.2014      0.1491 
25     -0.5692      0.1118 
26     -0.9751      0.0569 
27     -1.3880      0.0732 
28     -1.7122     -0.0177 
29     -2.0525     -0.0667 
30     -2.3129     -0.1527 
31     -2.2019     -0.2981 
32     -2.0055     -0.3291 
33     -1.8405     -0.2287 
34     -1.6583     -0.2100 
35     -1.5048     -0.1144 
36     -1.1768     -0.0511 
37     -0.8765      0.0360 
38     -0.6855      0.3320 
39     -0.6015      0.5287 
40     -0.6441      0.6897 
41     -0.8603      0.7772 
42     -1.0464      0.8683 
43     -0.9823      0.8443 
44     -0.8225      0.9273 
45     -0.7153      1.0287 
46     -0.5131      0.9508 
47     -0.2721      0.8067 
48      0.2262      0.5964 
49      0.6116      0.3195 
50      1.0211     -0.0240 
