00     -0.7400     -0.2392 
01     -1.1214     -0.0381 
02     -1.3744     -0.1058 
03     -1.5215     -0.4291 
04     -1.5852     -0.9122 
05     -1.5879     -1.3396 
06     -1.5521     -1.6967 
07     -1.5730     -2.0229 
08     -1.4812     -2.0175 
09     -1.5201     -2.0919 
10     -1.5438     -2.1130 
11     -1.6147     -1.8096 
12     -1.4830     -1.4153 
13     -1.0881     -0.9287 
14     -0.9848     -0.8215 
15     -0.8600     -0.6504 
16     -0.8997     -0.2476 
17     -0.9213      0.2223 
18     -1.0402      0.6644 
19     -1.2580      1.0314 
20     -1.1988      1.5268 
21     -1.0405      1.5281 
22     -0.6411      1.3792 
23     -0.1873      1.1839 
24      0.3496      0.9368 
25      0.9012      0.4943 
26      1.3167     -0.0861 
27      1.6075     -0.2540 
28      1.6944     -0.0761 
29      1.6303      0.3420 
30      1.3211      0.6717 
31      0.8039      0.9039 
32      0.2303      1.2468 
33     -0.0427      1.2267 
34     -0.2094      0.8985 
35     -0.3448      0.5384 
36     -0.5081      0.1348 
37     -0.6701     -0.3597 
38     -0.5946     -0.5209 
39     -0.4835     -0.5189 
40     -0.4415     -0.2272 
41     -0.4662      0.1520 
42     -0.6545      0.3330 
43     -0.9240      0.8479 
44     -1.2877      1.1906 
45     -1.2416      1.1084 
46     -1.2307      0.8411 
47     -1.2768      0.4827 
48     -1.2304      0.0743 
49     -1.1244     -0.3427 
50     -0.7303     -0.7272 
