00      2.5319      0.5081 
01      2.4844      0.3918 
02      2.1413      0.4411 
03      1.5908      0.4694 
04      0.9215      0.4654 
05      0.2218      0.3810 
06     -0.4199      0.3006 
07     -0.8110      0.0924 
08     -0.7297     -0.2729 
09     -0.3885     -0.6467 
10     -0.0133     -0.9259 
11      0.3300     -1.1602 
12      0.0830     -1.2255 
13     -0.2237     -1.3696 
14     -0.8048     -1.4843 
15     -1.3276     -1.4814 
16     -1.8289     -1.3957 
17     -2.1644     -1.3187 
18     -2.2696     -1.1916 
19     -2.1697     -1.0995 
20     -1.9014     -0.8895 
21     -1.5067     -0.7338 
22     -1.0036     -0.7077 
23     -0.4355     -0.6538 
24     -0.0848     -0.6557 
25      0.2199     -0.9733 
26      0.3584     -1.2598 
27      0.7216     -1.2832 
28      1.0666     -1.2925 
29      1.1739     -1.4552 
30      1.2319     -1.4980 
31      1.1341     -1.2988 
32      0.8978     -0.7632 
33      0.6498     -0.4175 
34      0.6724     -0.3083 
35      0.6779     -0.3240 
36      0.4703     -0.6039 
37      0.1990     -0.9780 
38      0.0112     -1.1749 
39     -0.0654     -1.2572 
40      0.0079     -1.3886 
41      0.0680     -1.4480 
42      0.3146     -1.2616 
43      0.4878     -0.9556 
44      0.6035     -0.6961 
45      0.6348     -0.6718 
46      0.6626     -0.9287 
47      0.5925     -1.2517 
48      0.2259     -1.5940 
49     -0.2797     -1.9088 
50     -0.7503     -2.1491 
