00      3.0757     -0.1317 
01      2.1275     -0.1631 
02      1.3728     -0.3277 
03      0.7810     -0.6267 
04      0.3214     -0.7361 
05     -0.0366     -0.5263 
06     -0.3235     -0.3870 
07     -0.6740     -0.1942 
08     -0.8625     -0.3053 
09     -1.1798     -0.3853 
10     -1.4086     -0.5654 
11     -1.6538     -0.8772 
12     -1.7159     -1.3496 
13     -1.6804     -1.7345 
14     -1.5126     -1.8657 
15     -1.0916     -1.7644 
16     -0.5931     -1.5652 
17     -0.4653     -1.6599 
18     -0.2343     -1.6418 
19     -0.0412     -1.2933 
20     -0.0076     -1.0650 
21     -0.0453     -0.5351 
22      0.0786     -0.0735 
23      0.1140      0.3411 
24      0.2949      0.4445 
25      0.3459      0.5785 
26      0.4819      0.7325 
27      0.8527      0.5238 
28      0.9963      0.2131 
29      1.0965     -0.3971 
30      1.2474     -0.7601 
31      1.3634     -0.8725 
32      1.3705     -1.1346 
33      1.6369     -1.2552 
34      1.8364     -1.2661 
35      2.0224     -1.2651 
36      2.1254     -1.3436 
37      2.0280     -1.1017 
38      1.7740     -0.8228 
39      1.6531     -0.5242 
40      1.6257     -0.0767 
41      1.4173      0.0610 
42      1.2084      0.2331 
43      0.8048      0.4573 
44      0.3555      0.3493 
45      0.0779      0.2889 
46     -0.1551      0.2262 
47     -0.2318      0.2028 
48     -0.4541      0.2499 
49     -0.5125      0.3990 
50     -0.4400      0.6813 
