00     -2.4487     -0.9747 
01     -2.1980     -1.5526 
02     -1.8963     -1.7386 
03     -1.5656     -1.8704 
04     -1.2277     -1.9516 
05     -0.9043     -2.0650 
06     -0.6173     -1.9926 
07     -0.4205     -1.6531 
08     -0.2718     -1.3676 
09     -0.3552     -1.0834 
10     -0.3707     -0.8018 
11     -0.6039     -0.5825 
12     -0.6798     -0.5247 
13     -0.5148     -0.6279 
14     -0.2878     -0.6224 
15     -0.0847     -0.7639 
16     -0.0510     -0.8909 
17      0.1600     -0.8886 
18      0.2391     -0.5100 
19      0.4531     -0.2985 
20      0.5875     -0.2334 
21      0.8167     -0.2741 
22      1.0812     -0.3578 
23      1.2424     -0.4931 
24      1.7619     -0.7560 
25      2.2653     -0.8894 
26      2.4970     -0.8811 
27      2.5804     -0.9045 
28      2.3500     -0.7955 
29      2.1345     -0.4814 
30      1.5499     -0.1268 
31      0.9614      0.1071 
32      0.3235      0.4164 
33     -0.3687      0.5111 
34     -0.7677      0.3512 
35     -0.8878      0.1521 
36     -0.5225     -0.1068 
37     -0.2193     -0.2769 
38      0.1578     -0.4051 
39      0.6025     -0.5551 
40      0.8892     -0.5836 
41      1.0927     -0.5305 
42      1.1241     -0.3269 
43      1.0972     -0.1224 
44      1.1565      0.1560 
45      0.9939      0.2119 
46      1.1207      0.0172 
47      1.2517     -0.2253 
48      1.3506     -0.4732 
49      1.2755     -0.6843 
50      1.0450     -0.8162 
