00      1.3091     -0.4743 
01      1.9061     -0.3913 
02      2.2385     -0.5628 
03      2.3498     -0.7042 
04      2.2832     -0.6696 
05      2.0822     -0.5495 
06      1.7900     -0.4795 
07      1.5155     -0.3740 
08      1.1874     -0.2763 
09      0.9062     -0.3598 
10      0.6923     -0.2121 
11      0.6659      0.1338 
12      0.4587      0.5417 
13      0.2256      0.6083 
14      0.0156      0.6641 
15     -0.1453      0.6225 
16     -0.2490      0.6259 
17     -0.2953      0.4250 
18     -0.2671     -0.1452 
19     -0.1858     -0.6030 
20      0.1655     -1.2033 
21      0.5671     -1.7744 
22      0.8730     -2.0555 
23      0.9560     -2.1041 
24      0.8607     -1.8484 
25      0.6546     -1.5597 
26      0.3188     -0.9790 
27      0.0510     -0.4971 
28     -0.3333     -0.0592 
29     -0.6393     -0.1843 
30     -0.7123     -0.6820 
31     -0.5325     -1.1418 
32     -0.2348     -1.7044 
33     -0.0691     -2.1434 
34      0.0448     -2.4397 
35      0.0349     -2.6392 
36      0.2799     -2.7165 
37      0.4652     -2.5991 
38      0.3590     -2.1462 
39      0.2977     -1.7197 
40     -0.0470     -1.3843 
41     -0.0638     -1.2174 
42      0.0584     -1.0653 
43      0.0143     -0.8418 
44     -0.1196     -0.8067 
45     -0.0668     -0.7193 
46     -0.1357     -0.7750 
47     -0.1007     -0.8378 
48      0.0897     -0.8769 
49     -0.1735     -0.8612 
50     -0.4541     -0.7597 
