00     -0.3348     -1.0463 
01      0.3046     -0.9826 
02      0.8128     -0.8117 
03      1.1962     -0.7386 
04      1.4613     -0.6918 
05      1.6143     -0.7610 
06      1.6617     -0.8520 
07      1.5162     -0.8040 
08      1.2913     -0.6568 
09      1.1485     -0.3484 
10      0.9632     -0.1779 
11      0.7909     -0.0770 
12      0.6794     -0.0065 
13      0.4573      0.0995 
14      0.4703      0.3140 
15      0.5780      0.4556 
16      0.5892      0.6152 
17      0.7371      0.6671 
18      0.7926      0.8025 
19      0.6038      1.0934 
20      0.5098      1.3601 
21      0.5398      1.6323 
22      0.6837      1.4266 
23      0.6852      1.0742 
24      0.7424      0.6270 
25      0.9248      0.1847 
26      1.3083     -0.2714 
27      1.6621     -0.8777 
28      1.8019     -1.4387 
29      1.8602     -1.8379 
30      1.8593     -2.0390 
31      1.6651     -1.9825 
32      1.3627     -1.7857 
33      1.1005     -1.5651 
34      0.8598     -1.5037 
35      0.5743     -1.1408 
36      0.2992     -0.9294 
37      0.1872     -0.8297 
38      0.1657     -0.6639 
39      0.2028     -0.6707 
40      0.0906     -0.6754 
41     -0.0400     -0.6748 
42      0.0434     -0.6757 
43      0.0424     -0.6905 
44      0.0179     -0.6569 
45     -0.1884     -0.7611 
46     -0.2406     -0.8578 
47     -0.3063     -1.0459 
48     -0.4628     -1.3533 
49     -0.5186     -1.8084 
50     -0.5160     -2.4392 
