00      1.4275      0.6122 
01      1.0143      1.1409 
02      0.7003      1.6192 
03      0.4650      2.0743 
04      0.2875      2.4653 
05      0.1475      2.6037 
06      0.0240      2.4343 
07     -0.1320      2.2156 
08     -0.3722      2.0515 
09     -0.5556      1.6246 
10     -0.8542      1.0527 
11     -1.2010      0.4729 
12     -1.5416      0.1315 
13     -1.9392      0.1163 
14     -2.0543     -0.0118 
15     -2.0329     -0.0732 
16     -1.9789     -0.0337 
17     -1.7351     -0.0943 
18     -1.4688     -0.1883 
19     -1.1079     -0.1259 
20     -0.6452     -0.2589 
21     -0.2446     -0.3891 
22      0.0435     -0.4063 
23      0.3056     -0.2986 
24      0.6033     -0.1201 
25      0.7593      0.2036 
26      0.8645      0.3060 
27      0.9493      0.3107 
28      0.9657      0.4735 
29      1.0920      0.6067 
30      1.0260      0.7332 
31      1.0464      0.9127 
32      1.0406      0.9344 
33      0.9118      1.0858 
34      0.5949      1.2672 
35      0.3111      1.5365 
36      0.2135      1.8996 
37     -0.0197      2.2452 
38     -0.1546      2.4522 
39      0.0264      2.4137 
40      0.0803      2.3669 
41      0.2544      2.0871 
42      0.4140      1.7603 
43      0.5674      1.4664 
44      0.5349      1.0872 
45      0.3770      0.7662 
46      0.1212      0.6890 
47      0.0094      0.6782 
48     -0.1438      0.7160 
49     -0.3655      0.7847 
50     -0.6097      0.8668 
