00     -0.4193     -0.3765 
01     -0.2381     -0.4602 
02     -0.1530     -0.5333 
03     -0.1390     -0.5277 
04     -0.1709     -0.3912 
05     -0.2238      0.0097 
06     -0.2725      0.3629 
07     -0.2714      0.5196 
08     -0.1747      0.4029 
09     -0.0612      0.4104 
10      0.2140      0.2781 
11      0.6234      0.4284 
12      0.9596      0.5317 
13      1.1955      0.8289 
14      1.0911      0.8553 
15      1.0168      0.8737 
16      0.8779      0.8671 
17      0.6040      0.9159 
18      0.1668      0.6882 
19     -0.3021      0.4821 
20     -0.5638      0.1412 
21     -0.6386     -0.1887 
22     -0.5330     -0.4999 
23     -0.3275     -0.5768 
24     -0.2108     -0.5583 
25     -0.0865     -0.6067 
26      0.2082     -0.7325 
27      0.5460     -0.7079 
28      0.8753     -0.6653 
29      1.1317     -0.4246 
30      1.1791     -0.0914 
31      1.4145      0.3829 
32      1.4927      0.6906 
33      1.6266      1.0293 
34      1.7030      1.2370 
35      1.4742      1.2553 
36      1.0542      1.1294 
37      0.6699      0.8971 
38      0.1992      0.6184 
39     -0.2508      0.4261 
40     -0.5508      0.1241 
41     -0.7638     -0.1451 
42     -1.0257     -0.3148 
43     -1.2099     -0.5979 
44     -1.5493     -0.6887 
45     -1.7058     -0.4751 
46     -1.9408     -0.5217 
47     -2.2515     -0.5516 
48     -2.4728     -0.5547 
49     -2.6657     -0.5211 
50     -2.8689     -0.4409 
