00      1.9804     -0.8226 
01      1.3190     -1.0451 
02      0.7402     -1.2033 
03      0.2478     -1.2599 
04     -0.1547     -1.1146 
05     -0.4637     -0.9252 
06     -0.6755     -0.9525 
07     -0.7247     -0.8082 
08     -0.7465     -0.7210 
09     -0.6604     -0.6781 
10     -0.4239     -0.7767 
11     -0.1858     -0.7769 
12     -0.1629     -0.8857 
13     -0.1293     -1.1319 
14     -0.1344     -1.3362 
15     -0.2062     -1.3880 
16     -0.3702     -1.3625 
17     -0.3730     -1.2380 
18     -0.4471     -1.0977 
19     -0.6179     -0.8963 
20     -0.9719     -0.7239 
21     -1.2896     -0.5517 
22     -1.5449     -0.4350 
23     -1.8340     -0.1637 
24     -2.2731     -0.0348 
25     -2.4412     -0.0060 
26     -2.2614      0.0892 
27     -1.8976      0.2908 
28     -1.4330      0.4866 
29     -0.6402      0.7534 
30      0.1017      0.9823 
31      0.8415      1.2357 
32      1.3698      1.3149 
33      1.9067      1.3107 
34      2.2478      1.2365 
35      2.2299      1.0805 
36      2.1024      0.6753 
37      1.9545      0.1564 
38      1.8070     -0.1419 
39      1.5124     -0.3123 
40      1.0133     -0.4566 
41      0.5152     -0.5404 
42     -0.1262     -0.4752 
43     -0.5750     -0.3143 
44     -0.9883     -0.1988 
45     -1.2220      0.0464 
46     -1.5726      0.2103 
47     -1.7073      0.3620 
48     -1.4788      0.4913 
49     -1.1334      0.5883 
50     -0.7437      0.6430 
