00      1.6737      0.5401 
01      1.0240      0.5461 
02      0.5777      0.4917 
03      0.2973      0.3461 
04      0.1448      0.0977 
05      0.0827     -0.2501 
06      0.0732     -0.6752 
07      0.0822     -1.1439 
08     -0.1951     -1.5944 
09     -0.3480     -1.7973 
10     -0.4542     -1.9419 
11     -0.6344     -1.9554 
12     -0.7243     -1.8008 
13     -0.7487     -1.6359 
14     -0.6458     -1.5101 
15     -0.4908     -1.3488 
16     -0.2319     -1.1558 
17      0.2341     -0.8901 
18      1.0032     -0.5282 
19      1.4755     -0.1145 
20      1.4902      0.2756 
21      1.5628      0.5815 
22      1.4713      0.6223 
23      1.1464      0.5316 
24      0.6771      0.4629 
25      0.2747      0.1545 
26     -0.1786     -0.2786 
27     -0.4970     -0.6978 
28     -0.5467     -1.0506 
29     -0.4812     -1.2765 
30     -0.3305     -1.3992 
31     -0.1750     -1.5134 
32     -0.0822     -1.5859 
33      0.0942     -1.6986 
34      0.2784     -1.7892 
35      0.4798     -1.5582 
36      0.5985     -1.1490 
37      0.5882     -0.6221 
38      0.4858     -0.1135 
39      0.5180      0.3345 
40      0.6839      0.8060 
41      0.6382      1.1340 
42      0.5453      1.3542 
43      0.6876      1.6479 
44      0.8409      1.8423 
45      1.1125      1.8383 
46      1.4178      1.9392 
47      1.6332      1.9404 
48      1.6305      1.8073 
49      1.2186      1.5053 
50      0.7083      0.9999 
