00     -2.1590     -0.2265 
01     -1.7182     -0.1287 
02     -1.4576     -0.1593 
03     -1.3429      0.1690 
04     -1.3395      0.3669 
05     -1.4132      0.4994 
06     -1.5295      0.8084 
07     -1.7021      1.0245 
08     -1.6552      1.4705 
09     -1.8633      1.8715 
10     -1.5577      1.6559 
11     -1.1788      1.2040 
12     -0.9462      0.9158 
13     -0.5794      0.7477 
14     -0.0344      0.7527 
15      0.3768      0.6998 
16      0.7375      0.5644 
17      0.7615      0.7260 
18      0.1979      0.8910 
19     -0.3681      0.9750 
20     -0.8628      1.0544 
21     -1.3933      0.9129 
22     -1.7753      0.5648 
23     -1.9696      0.0312 
24     -1.9201     -0.4656 
25     -1.5379     -0.6728 
26     -0.9996     -0.7582 
27     -0.4318     -0.9600 
28     -0.2978     -0.9026 
29     -0.2437     -0.5373 
30     -0.3714     -0.3683 
31     -0.3682     -0.2226 
32     -0.1857     -0.0800 
33     -0.0681      0.0493 
34      0.1337      0.1487 
35      0.5472      0.0001 
36      0.6825      0.1152 
37      0.5275      0.2025 
38      0.2083      0.3782 
39     -0.0016      0.4444 
40     -0.5746      0.5717 
41     -1.0168      0.3608 
42     -1.5230      0.0517 
43     -1.8724      0.0231 
44     -1.9154      0.0361 
45     -2.0462     -0.0396 
46     -1.7884     -0.1883 
47     -1.7122     -0.3665 
48     -1.7906     -0.5716 
49     -1.9653     -0.8013 
50     -2.0715     -1.0530 
