00     -1.9595     -0.0213 
01     -2.1100     -0.2044 
02     -2.1068     -0.3428 
03     -1.9865     -0.4496 
04     -1.7858     -0.3148 
05     -1.5412     -0.2952 
06     -1.2893     -0.2237 
07     -1.1673     -0.1203 
08     -1.0997     -0.1406 
09     -1.0226     -0.1685 
10     -1.0254     -0.3791 
11     -1.0646     -0.6231 
12     -1.2613     -0.8400 
13     -1.4220     -0.9304 
14     -1.5665     -0.9131 
15     -1.6004     -0.9242 
16     -1.5481     -0.7819 
17     -1.5071     -0.6332 
18     -1.5173     -0.4610 
19     -1.4904     -0.1525 
20     -1.4394      0.1702 
21     -1.1958      0.4027 
22     -0.8898      0.4374 
23     -0.7544      0.4391 
24     -0.6311      0.2769 
25     -0.3056      0.0939 
26     -0.0449     -0.1294 
27      0.2740     -0.3529 
28      0.6229     -0.3614 
29      0.8091     -0.1060 
30      0.8233      0.2815 
31      0.8167      0.8908 
32      0.7932      1.5380 
33      0.6878      2.1039 
34      0.4963      2.3749 
35      0.0685      2.4931 
36     -0.3364      2.4546 
37     -0.5551      2.3453 
38     -0.6785      2.1701 
39     -0.5473      1.8648 
40     -0.3061      1.3512 
41     -0.0388      0.9591 
42      0.2331      0.5328 
43      0.6133      0.3046 
44      0.9067      0.0498 
45      0.9385     -0.1208 
46      0.8278     -0.3080 
47      0.6268     -0.4312 
48      0.3207     -0.4751 
49      0.1095     -0.4245 
50     -0.0148     -0.2640 
