00      0.9591      0.5724 
01      1.9534      0.3661 
02      2.5546      0.2224 
03      2.8274      0.0065 
04      2.8365      0.0062 
05      2.6466      0.0138 
06      2.3224      0.1724 
07      2.1128      0.2273 
08      1.7296      0.3594 
09      1.2602      0.5236 
10      0.9561      0.6309 
11      0.8238      0.5646 
12      0.7541      0.5026 
13      0.7568      0.3888 
14      0.7421      0.0358 
15      0.7893     -0.4310 
16      0.8910     -0.7347 
17      1.1271     -0.8665 
18      1.3730     -0.6157 
19      1.6310     -0.2110 
20      1.7856      0.3688 
21      1.7175      1.0432 
22      1.7037      1.3675 
23      1.4391      1.6120 
24      0.9556      1.8304 
25      0.5175      1.8127 
26     -0.0400      1.4381 
27     -0.4816      1.0901 
28     -0.6868      0.8641 
29     -0.7997      0.6506 
30     -0.6522      0.5198 
31     -0.4008      0.4392 
32     -0.0917      0.2105 
33      0.0005      0.0204 
34      0.1284     -0.2172 
35      0.1045     -0.2715 
36     -0.0947     -0.3934 
37     -0.3872     -0.5575 
38     -0.8205     -0.6223 
39     -1.1959     -0.4800 
40     -1.4464     -0.4017 
41     -1.6028     -0.3381 
42     -1.4838     -0.2207 
43     -1.3348     -0.2024 
44     -1.0673     -0.4523 
45     -0.8110     -0.6193 
46     -0.4001     -0.7489 
47     -0.0150     -0.8378 
48      0.0533     -0.8621 
49      0.0026     -0.7980 
50     -0.2422     -0.6219 
