00     -1.3118     -0.7086 
01     -1.4426     -0.7876 
02     -1.4315     -0.8338 
03     -1.3102     -0.9540 
04     -1.1104     -1.0775 
05     -0.8637     -1.2368 
06     -0.6017     -1.3574 
07     -0.4984     -1.1980 
08     -0.3522     -0.8064 
09     -0.1453     -0.6176 
10      0.0306     -0.1419 
11     -0.0493      0.1300 
12     -0.1143      0.4997 
13     -0.4037      0.7545 
14     -0.6150      0.8939 
15     -0.7075      0.7455 
16     -0.8293      0.5661 
17     -0.7258      0.3677 
18     -0.4929      0.3320 
19     -0.3901      0.4140 
20     -0.1428      0.6653 
21      0.2486      0.9395 
22      0.4602      1.2260 
23      0.5130      1.3516 
24      0.5430      1.7431 
25      0.3545      2.0146 
26      0.1302      2.0550 
27     -0.0935      1.8716 
28     -0.3377      1.5318 
29     -0.3698      1.1800 
30     -0.2299      0.8712 
31     -0.1988      0.3924 
32     -0.1120     -0.0784 
33     -0.1784     -0.2512 
34     -0.4049     -0.3378 
35     -0.6631     -0.3901 
36     -1.0229     -0.4387 
37     -1.5184     -0.4892 
38     -1.9855     -0.4657 
39     -2.5101     -0.1492 
40     -2.8522      0.1680 
41     -2.8507      0.5241 
42     -2.5193      0.6788 
43     -2.0846      0.5163 
44     -1.6868      0.5479 
45     -1.4245      0.8996 
46     -1.1773      0.8366 
47     -1.0148      0.7701 
48     -0.7918      0.7415 
49     -0.8566      0.7923 
50     -1.0853      0.9637 
