00     -2.5232     -0.4255 
01     -2.7100     -0.4335 
02     -2.7882     -0.3966 
03     -2.7705     -0.4179 
04     -2.6695     -0.5555 
05     -2.4980     -0.6559 
06     -2.2686     -0.8083 
07     -1.9966     -1.0831 
08     -1.6159     -1.2498 
09     -1.2781     -1.3075 
10     -0.9499     -1.1341 
11     -0.7708     -0.8639 
12     -0.6017     -0.7029 
13     -0.5912     -0.4210 
14     -0.5506     -0.1655 
15     -0.5418      0.1147 
16     -0.4861      0.2185 
17     -0.4400      0.3172 
18     -0.4292      0.3872 
19     -0.3332      0.3954 
20     -0.1945      0.3988 
21     -0.0131      0.5323 
22      0.1346      0.6475 
23      0.1594      0.8627 
24      0.2755      0.8682 
25      0.2924      0.9979 
26      0.3774      1.0279 
27      0.3363      0.9549 
28      0.3517      0.7430 
29      0.2485      0.6042 
30      0.2027      0.3848 
31      0.3135      0.1413 
32      0.4510     -0.0780 
33      0.6904     -0.2302 
34      0.8345     -0.2869 
35      1.0732     -0.1574 
36      1.3857     -0.1054 
37      1.5527      0.1009 
38      1.6745      0.2631 
39      1.6356      0.5196 
40      1.6064      0.8468 
41      1.5632      0.9589 
42      1.5388      1.0501 
43      1.4920      1.0309 
44      1.3623      0.8015 
45      1.1536      0.4652 
46      0.9572      0.1270 
47      0.6629     -0.2216 
48      0.3226     -0.5533 
49     -0.1569     -0.8406 
50     -0.5815     -1.0562 
