00     -0.6284     -1.3890 
01     -0.9519     -1.2021 
02     -1.1080     -0.9617 
03     -1.1335     -0.7004 
04     -1.0650     -0.3834 
05     -0.9395     -0.1916 
06     -0.7936      0.0517 
07     -0.7054      0.3068 
08     -0.7892      0.5396 
09     -0.9152      0.7570 
10     -0.9663      0.8545 
11     -1.0835      0.7660 
12     -1.1772      0.5680 
13     -1.2478      0.3665 
14     -1.2369      0.2484 
15     -1.1271      0.2168 
16     -0.8924      0.1957 
17     -0.6678      0.2190 
18     -0.5172      0.3207 
19     -0.5678      0.4844 
20     -0.7227      0.6887 
21     -0.8478      0.6736 
22     -0.8276      0.5635 
23     -0.7605      0.4042 
24     -0.4590      0.2733 
25     -0.1139      0.3218 
26      0.3383      0.3319 
27      0.7991      0.1739 
28      1.2903     -0.0959 
29      1.5686     -0.2887 
30      1.5446     -0.3418 
31      1.3836     -0.4693 
32      1.2005     -0.6343 
33      0.8754     -0.7572 
34      0.5336     -0.8360 
35      0.2173     -0.8097 
36     -0.0233     -0.5502 
37     -0.3431     -0.2660 
38     -0.6730     -0.0930 
39     -0.9887      0.0087 
40     -1.2370      0.1883 
41     -1.5588      0.4658 
42     -1.8142      0.8309 
43     -1.8850      1.0624 
44     -1.8989      1.4225 
45     -1.7572      1.7448 
46     -1.5951      1.9901 
47     -1.4280      2.1634 
48     -1.2736      2.2447 
49     -1.2418      2.2143 
50     -1.2554      2.0521 
