00      3.7650      0.5870 
01      3.8168      0.7473 
02      3.5726      0.7792 
03      3.1024      0.8198 
04      2.4764      0.7046 
05      1.7648      0.4222 
06      1.0378      0.0664 
07      0.4615     -0.2513 
08      0.0136     -0.3219 
09     -0.3010     -0.2827 
10     -0.2874     -0.2245 
11     -0.1774     -0.1868 
12     -0.3646      0.0152 
13     -0.6594      0.1224 
14     -0.8476      0.3137 
15     -0.9361      0.4700 
16     -1.0531      0.5815 
17     -1.0328      0.5165 
18     -0.7888      0.4836 
19     -0.5722      0.3776 
20     -0.2738      0.2784 
21      0.0449      0.0390 
22      0.5524     -0.2644 
23      0.9333     -0.4457 
24      1.0566     -0.4724 
25      1.1431     -0.5060 
26      1.2552     -0.5815 
27      1.3730     -0.6458 
28      1.4136     -0.6059 
29      1.5141     -0.5623 
30      1.4303     -0.3269 
31      1.1634     -0.0611 
32      0.9035      0.3199 
33      0.6419      0.5640 
34      0.4357      0.8891 
35      0.1286      1.1640 
36     -0.1736      1.4250 
37     -0.3510      1.4139 
38     -0.4625      1.2243 
39     -0.3695      0.8030 
40     -0.3368      0.2872 
41     -0.2247     -0.3387 
42     -0.3676     -0.6412 
43     -0.3832     -0.8295 
44     -0.4205     -0.8700 
45     -0.3460     -0.8691 
46     -0.3125     -0.6429 
47     -0.4012     -0.4346 
48     -0.4743     -0.3172 
49     -0.4129     -0.3635 
50     -0.3810     -0.6465 
