00     -1.2383      0.3504 
01     -1.8674      0.4656 
02     -2.3907      0.5777 
03     -2.8024      0.5695 
04     -3.0966      0.6881 
05     -3.2675      0.4779 
06     -3.3095      0.2293 
07     -3.2513     -0.2580 
08     -2.8985     -0.6051 
09     -2.4511     -0.9404 
10     -1.8732     -1.1697 
11     -1.1971     -1.2990 
12     -0.5660     -1.3852 
13      0.0566     -1.2125 
14      0.4970     -0.9359 
15      0.5774     -0.5586 
16      0.6857     -0.0395 
17      0.7291      0.2408 
18      0.6736      0.6849 
19      0.5539      0.8627 
20      0.5366      1.2275 
21      0.3997      1.2315 
22      0.2690      1.3504 
23      0.1649      1.5246 
24      0.0109      1.5061 
25     -0.0582      1.3512 
26     -0.0979      1.1194 
27     -0.1620      0.5624 
28     -0.1102      0.0747 
29     -0.0899     -0.4016 
30     -0.1492     -0.7049 
31     -0.1844     -0.9131 
32     -0.0188     -0.9337 
33      0.0283     -1.0096 
34      0.0578     -0.8511 
35      0.0782     -0.5976 
36      0.2085     -0.5290 
37      0.3151     -0.6740 
38      0.4728     -0.7788 
39      0.5921     -0.9565 
40      0.3550     -1.0945 
41      0.0631     -1.2441 
42     -0.3449     -1.3435 
43     -0.4209     -1.4610 
44     -0.3589     -1.3879 
45     -0.2713     -1.1222 
46     -0.3719     -0.7707 
47     -0.5810     -0.4205 
48     -0.6445     -0.1217 
49     -0.6959      0.0759 
50     -0.7132      0.1222 
