00      0.6672     -0.5602 
01      0.4601     -0.5209 
02      0.4045     -0.5406 
03      0.4550     -0.5206 
04      0.5663     -0.5248 
05      0.6929     -0.5968 
06      0.7895     -0.7184 
07      0.5952     -0.9860 
08      0.2897     -1.0824 
09      0.0037     -0.9669 
10     -0.1722     -0.8869 
11     -0.5403     -0.6924 
12     -0.8529     -0.4680 
13     -0.7967     -0.2396 
14     -0.5390     -0.1786 
15     -0.2626     -0.0448 
16      0.1249      0.1964 
17      0.3642      0.5801 
18      0.6168      0.9176 
19      0.7783      1.5467 
20      0.8979      2.2128 
21      0.8925      2.6579 
22      0.7943      3.1738 
23      0.3816      3.2956 
24      0.1515      3.0099 
25      0.1257      2.4483 
26      0.1407      1.5236 
27      0.0019      0.4337 
28     -0.4718     -0.5731 
29     -0.9078     -1.2047 
30     -0.9709     -1.4306 
31     -0.9499     -1.1865 
32     -0.8378     -0.8764 
33     -0.9456     -0.4478 
34     -1.1057      0.2886 
35     -1.0787      0.6402 
36     -0.8343      0.5580 
37     -0.6445      0.3540 
38     -0.5186     -0.1265 
39     -0.7070     -0.4431 
40     -1.0915     -0.6965 
41     -1.1937     -0.9142 
42     -1.3774     -0.9478 
43     -1.7356     -0.8218 
44     -1.9526     -0.5620 
45     -2.0448     -0.3515 
46     -2.0204     -0.0877 
47     -1.4845      0.0995 
48     -1.0603      0.1572 
49     -0.7056      0.0323 
50     -0.2439     -0.3283 
