00     -1.8819     -0.7351 
01     -0.6457     -0.5179 
02      0.3066     -0.3189 
03      1.0080     -0.1471 
04      1.4918     -0.0283 
05      1.7908      0.0923 
06      1.9382      0.2306 
07      2.0455      0.4824 
08      2.0008      0.5682 
09      1.8595      0.6576 
10      1.6243      0.5329 
11      1.3915      0.6246 
12      1.2546      0.6455 
13      1.1165      0.7162 
14      0.9632      0.8316 
15      0.8305      0.8669 
16      0.7172      1.0174 
17      0.5961      1.3867 
18      0.7477      1.7024 
19      0.8265      2.0041 
20      0.9950      2.1276 
21      1.2537      2.0819 
22      1.5517      1.8053 
23      1.7263      1.5792 
24      1.7839      1.2967 
25      1.7006      0.9793 
26      1.4142      0.5966 
27      1.2268      0.1790 
28      0.9850     -0.1306 
29      0.6707     -0.3038 
30      0.5413     -0.4204 
31      0.2744     -0.4579 
32      0.3245     -0.5540 
33      0.3508     -0.8518 
34      0.4064     -1.1163 
35      0.2667     -1.2806 
36      0.1398     -1.3498 
37      0.0296     -1.3881 
38     -0.1201     -1.2680 
39     -0.1167     -1.0206 
40     -0.1372     -0.6846 
41     -0.1788     -0.2239 
42     -0.1316      0.2786 
43     -0.1602      0.7602 
44     -0.1160      1.0680 
45     -0.0598      1.2381 
46      0.0249      1.4175 
47     -0.0452      1.6191 
48     -0.0103      1.8749 
49     -0.0460      2.2167 
50     -0.2552      2.6763 
