00     -0.9161     -0.5286 
01     -0.4269     -0.1389 
02      0.0525      0.1159 
03      0.4963      0.3402 
04      0.8786      0.7298 
05      1.1737      0.8460 
06      1.3557      0.7969 
07      1.3759      0.6305 
08      1.1517      0.2125 
09      0.7490      0.1037 
10      0.1309      0.1360 
11     -0.3953      0.2207 
12     -0.8679      0.4697 
13     -1.1528      0.5090 
14     -1.3960      0.3977 
15     -1.6027      0.1837 
16     -1.6757     -0.1470 
17     -1.5728     -0.8860 
18     -1.4154     -1.5040 
19     -1.1265     -2.1442 
20     -0.8487     -2.7079 
21     -0.4685     -2.7995 
22     -0.0902     -2.8452 
23      0.1176     -2.7357 
24      0.1376     -2.3123 
25      0.0779     -1.8705 
26     -0.2509     -1.2452 
27     -0.3420     -0.7066 
28     -0.4883     -0.3153 
29     -0.7374      0.0709 
30     -0.9776      0.4353 
31     -1.0726      0.5313 
32     -1.3928      0.5178 
33     -1.6417      0.4494 
34     -1.8470      0.1721 
35     -1.9763     -0.2470 
36     -2.1991     -0.6577 
37     -2.3712     -1.0013 
38     -2.2052     -1.1501 
39     -1.9259     -1.2451 
40     -1.8004     -1.2710 
41     -1.5134     -1.0694 
42     -1.3117     -1.0704 
43     -1.1708     -0.8256 
44     -1.3493     -0.7244 
45     -1.5970     -0.4888 
46     -1.6819     -0.4078 
47     -1.6906     -0.3860 
48     -1.7384     -0.4346 
49     -1.5570     -0.5648 
50     -0.9906     -0.7878 
