00      1.4699      0.6867 
01      1.7290      0.5121 
02      1.8440      0.5234 
03      1.8388      0.5530 
04      1.7376      0.4736 
05      1.5644      0.4236 
06      1.3433      0.3840 
07      1.2622      0.3818 
08      1.0876      0.4125 
09      0.7387      0.4539 
10      0.4287      0.4252 
11      0.1187      0.3626 
12     -0.2292      0.4415 
13     -0.4772      0.6739 
14     -0.6617      0.9799 
15     -0.8392      1.2248 
16     -0.9345      1.4761 
17     -0.9564      1.6186 
18     -0.8189      1.5805 
19     -0.5181      1.3776 
20     -0.2593      0.9087 
21     -0.1171      0.3523 
22      0.0269     -0.2709 
23      0.1251     -0.8918 
24      0.3271     -1.1976 
25      0.4760     -1.2990 
26      0.5976     -1.2250 
27      0.8243     -0.9492 
28      1.1783     -0.7167 
29      1.5492     -0.5575 
30      2.0079     -0.4561 
31      2.4151     -0.4090 
32      2.6388     -0.4328 
33      2.6563     -0.5172 
34      2.6102     -0.6695 
35      2.5849     -0.6793 
36      2.4536     -0.5617 
37      1.9095     -0.2699 
38      1.3297      0.2073 
39      0.6961      0.8476 
40      0.0884      1.3164 
41     -0.3085      1.8810 
42     -0.4709      2.3279 
43     -0.6073      2.4956 
44     -0.6978      2.4941 
45     -0.6981      2.2524 
46     -0.6056      1.7692 
47     -0.4269      1.2293 
48     -0.3546      0.7009 
49     -0.4431      0.2521 
50     -0.4018     -0.0487 
