00     -3.0837     -0.3525 
01     -2.4024     -0.3873 
02     -1.6905     -0.4919 
03     -0.9722     -0.4372 
04     -0.2715     -0.2522 
05      0.3875     -0.1265 
06      0.9807     -0.0170 
07      1.4295      0.0760 
08      1.7315      0.1690 
09      1.9966      0.2470 
10      2.1399      0.3116 
11      2.1485      0.4715 
12      2.0795      0.5810 
13      2.0836      0.7312 
14      2.0912      0.8455 
15      2.0721      0.8036 
16      2.0696      0.6304 
17      2.0723      0.4556 
18      2.0187      0.1608 
19      1.9265     -0.1406 
20      1.8170     -0.3665 
21      1.6568     -0.5594 
22      1.4182     -0.7634 
23      1.1755     -0.7687 
24      1.0019     -0.8191 
25      0.8018     -0.7820 
26      0.5412     -0.6654 
27      0.3140     -0.6419 
28      0.0341     -0.5928 
29     -0.2514     -0.4171 
30     -0.6016     -0.2224 
31     -0.7886      0.2208 
32     -1.0519      0.6105 
33     -1.2443      0.9205 
34     -1.2701      1.1919 
35     -1.0308      1.4486 
36     -0.6282      1.4033 
37     -0.2232      1.4221 
38      0.1662      1.3353 
39      0.6228      1.1092 
40      0.8843      0.8020 
41      0.9737      0.5584 
42      0.9760      0.3943 
43      0.8528      0.3128 
44      0.5243      0.3261 
45      0.2087      0.5684 
46     -0.1029      0.9355 
47     -0.2740      1.3353 
48     -0.2852      1.7213 
49     -0.1133      2.0470 
50      0.1893      2.2660 
