00     -0.8803      1.4473 
01     -0.5866      1.6591 
02     -0.3669      1.9521 
03     -0.2158      2.1850 
04     -0.1280      2.3633 
05     -0.0981      2.3024 
06     -0.1205      2.1323 
07     -0.2303      1.6791 
08     -0.3995      1.2513 
09     -0.4683      0.6630 
10     -0.5165     -0.0018 
11     -0.6433     -0.4657 
12     -0.7984     -0.8607 
13     -0.9519     -1.1219 
14     -1.0889     -1.2106 
15     -1.1875     -1.2279 
16     -1.2632     -1.1163 
17     -1.2529     -1.0620 
18     -1.1856     -0.8778 
19     -1.1882     -0.7739 
20     -0.9297     -0.7790 
21     -0.6056     -0.9993 
22     -0.3670     -1.1117 
23     -0.2324     -1.1693 
24     -0.1813     -1.2004 
25     -0.2009     -1.1653 
26     -0.1899     -1.1526 
27     -0.4439     -1.0443 
28     -0.7895     -0.9358 
29     -1.0254     -0.7620 
30     -1.2918     -0.4431 
31     -1.4807     -0.2790 
32     -1.4496     -0.1727 
33     -1.4487      0.0250 
34     -1.3252      0.2577 
35     -1.1572      0.5156 
36     -0.9422      0.8481 
37     -0.8416      1.1529 
38     -0.8013      1.1841 
39     -1.0531      1.1261 
40     -1.1595      0.9000 
41     -1.1347      0.6246 
42     -1.1187      0.1783 
43     -1.0348     -0.3211 
44     -0.7977     -0.6451 
45     -0.4694     -1.0094 
46     -0.0718     -1.3263 
47      0.3525     -1.6387 
48      0.6154     -1.9545 
49      0.6317     -2.2817 
50      0.3508     -2.6281 
