00     -0.9770     -0.5652 
01      0.4108     -0.5029 
02      1.1300     -0.3165 
03      1.3127     -0.3558 
04      1.0908     -0.2158 
05      0.5964     -0.1070 
06     -0.0386     -0.0946 
07     -0.3481     -0.3937 
08     -0.7600     -0.7795 
09     -1.0383     -1.0728 
10     -1.0493     -1.3048 
11     -0.7782     -1.3795 
12     -0.3390     -1.3139 
13      0.2188     -1.0936 
14      0.6549     -0.9443 
15      0.8093     -0.7917 
16      0.5603     -0.6772 
17      0.0870     -0.5813 
18     -0.3342     -0.6724 
19     -0.7999     -0.7562 
20     -1.3599     -0.5539 
21     -1.6876     -0.2903 
22     -1.8463     -0.1220 
23     -1.7881      0.0094 
24     -1.4986      0.1779 
25     -1.0023      0.3274 
26     -0.4306      0.4382 
27     -0.0111      0.5885 
28      0.2905      0.5985 
29      0.3625      0.7293 
30      0.5737      0.8458 
31      0.6830      0.9361 
32      0.6853      1.0827 
33      0.5575      1.1743 
34      0.1970      1.3508 
35     -0.0327      1.2283 
36     -0.2080      1.1194 
37     -0.3925      0.9427 
38     -0.7101      0.7732 
39     -0.9883      0.3353 
40     -1.3007     -0.0162 
41     -1.5311     -0.3109 
42     -1.5296     -0.4005 
43     -1.6056     -0.3979 
44     -1.4943     -0.0900 
45     -1.3354      0.3970 
46     -1.1013      1.1334 
47     -0.7507      1.7745 
48     -0.5190      2.1892 
49     -0.4562      2.2469 
50     -0.6182      1.8168 
