00      1.2928     -0.5392 
01      0.3922     -0.8610 
02     -0.2131     -1.0052 
03     -0.5706     -1.2977 
04     -0.7283     -1.5392 
05     -0.7338     -1.6562 
06     -0.6349     -1.7102 
07     -0.6617     -1.6609 
08     -0.4511     -1.5002 
09     -0.1905     -1.2282 
10     -0.2122     -0.8879 
11     -0.1980     -0.5936 
12     -0.4178     -0.3267 
13     -0.7079     -0.0338 
14     -0.8433      0.3510 
15     -0.8134      0.3337 
16     -0.6385      0.1019 
17     -0.3568     -0.1636 
18     -0.0886     -0.6383 
19      0.1744     -1.0438 
20      0.5770     -1.4295 
21      0.8054     -1.5657 
22      0.9667     -1.6426 
23      1.1908     -1.6171 
24      1.3082     -1.4314 
25      1.4049     -1.0598 
26      1.5835     -0.7412 
27      1.7326     -0.5219 
28      2.0169     -0.3872 
29      2.3950     -0.2060 
30      2.7007     -0.0623 
31      2.7149      0.0322 
32      2.6093      0.1614 
33      2.3629      0.2568 
34      2.2195      0.2535 
35      1.7699      0.3787 
36      1.3231      0.3747 
37      0.8686      0.3348 
38      0.4286      0.1250 
39     -0.1056     -0.1226 
40     -0.5488     -0.4568 
41     -0.8574     -0.6008 
42     -1.0235     -0.7286 
43     -1.1988     -0.8060 
44     -1.3561     -0.8356 
45     -1.3498     -0.7756 
46     -1.3738     -0.5489 
47     -1.4631     -0.3270 
48     -1.1783     -0.1586 
49     -0.8160     -0.0928 
50     -0.6359     -0.1784 
