00     -0.3234      0.3690 
01     -0.6195      0.6661 
02     -0.5704      0.9769 
03     -0.2542      1.0662 
04      0.2511      1.2207 
05      0.8675      0.9917 
06      1.5169      0.9329 
07      2.1003      0.8638 
08      2.5272      0.9745 
09      2.6412      0.9405 
10      2.3445      1.2439 
11      1.9263      1.4557 
12      1.6336      1.7843 
13      1.4229      1.7712 
14      1.4440      1.4762 
15      1.1720      1.2529 
16      0.8609      0.8339 
17      0.5094      0.3749 
18      0.3935     -0.0745 
19      0.3521     -0.4479 
20      0.2057     -0.6473 
21     -0.2472     -0.7658 
22     -0.6506     -0.6493 
23     -0.5826     -0.4680 
24     -0.5540     -0.3059 
25     -0.5578     -0.5155 
26     -0.2880     -0.6381 
27     -0.2348     -0.5282 
28     -0.2491     -0.8259 
29     -0.4954     -0.7806 
30     -0.3660     -0.6864 
31     -0.3127     -0.4129 
32     -0.4037     -0.0017 
33     -0.5885      0.3616 
34     -0.7093      0.6418 
35     -0.7669      0.7498 
36     -0.8745      0.4769 
37     -0.9831     -0.0248 
38     -0.9319     -0.3058 
39     -1.0878     -0.5351 
40     -1.3664     -0.6018 
41     -1.0781     -0.3150 
42     -0.7285      0.0278 
43     -0.6548      0.3938 
44     -0.4409      0.8164 
45     -0.2715      1.0623 
46     -0.0342      1.1907 
47      0.1748      1.3874 
48      0.3286      1.7158 
49      0.2282      2.2391 
50      0.0546      3.0207 
