00      1.7976     -0.4128 
01      1.6427     -0.5755 
02      1.3812     -0.6680 
03      1.0543     -0.8120 
04      0.7030     -0.9068 
05      0.3685     -1.0227 
06      0.0917     -1.2190 
07      0.1160     -1.2146 
08      0.2717     -1.0039 
09      0.3341     -0.5537 
10      0.4426     -0.0092 
11      0.4266      0.4608 
12      0.2362      1.1592 
13      0.2660      1.6864 
14      0.2953      2.1418 
15      0.1783      2.2247 
16     -0.0140      1.9230 
17     -0.1878      1.3309 
18     -0.1672      0.7022 
19     -0.1019      0.1375 
20     -0.3135     -0.3896 
21     -0.6080     -0.8261 
22     -0.7334     -1.0559 
23     -0.7385     -1.2958 
24     -0.7116     -1.3511 
25     -0.4605     -1.2711 
26     -0.2310     -1.2461 
27     -0.1016     -1.1490 
28     -0.0207     -1.0099 
29     -0.0358     -1.0060 
30      0.2175     -0.9878 
31      0.1951     -0.8909 
32      0.0220     -0.8910 
33      0.0813     -1.2490 
34      0.0593     -1.5763 
35      0.0060     -1.8519 
36     -0.0760     -2.0947 
37     -0.2384     -2.3348 
38     -0.3852     -2.5802 
39     -0.7285     -2.4092 
40     -1.0730     -2.2096 
41     -1.2262     -1.7575 
42     -1.1679     -1.1208 
43     -1.2462     -0.4574 
44     -1.1721     -0.0306 
45     -1.0721      0.1499 
46     -1.0137      0.3856 
47     -0.7333      0.3829 
48     -0.1466      0.0637 
49      0.3969     -0.6505 
50      0.8917     -1.8379 
