00     -2.1153      0.3449 
01     -2.5038      0.4454 
02     -2.6335      0.6948 
03     -2.5565      0.9606 
04     -2.3246      1.2807 
05     -1.9900      1.4821 
06     -1.6046      1.2751 
07     -1.2872      0.9424 
08     -0.9548      0.5711 
09     -0.8839      0.1353 
10     -0.8083     -0.0054 
11     -0.6893      0.0871 
12     -0.4778     -0.0212 
13     -0.4799     -0.2182 
14     -0.4181     -0.1671 
15     -0.1471     -0.0954 
16      0.0255      0.0477 
17      0.1104     -0.1497 
18      0.2301     -0.4498 
19      0.2880     -0.6348 
20      0.2757     -0.7523 
21      0.3983     -0.8432 
22      0.5914     -0.6579 
23      0.7432     -0.3038 
24      0.9697     -0.2913 
25      1.0040     -0.1757 
26      1.2349      0.0436 
27      1.3915      0.1407 
28      1.4969      0.2383 
29      1.4700      0.2339 
30      1.1571      0.2983 
31      0.7479      0.3259 
32      0.3668      0.3967 
33     -0.0362      0.3897 
34     -0.2594      0.3105 
35     -0.2054      0.1545 
36     -0.2309     -0.0591 
37     -0.3699     -0.1470 
38     -0.5541     -0.4080 
39     -0.7846     -0.7796 
40     -1.0295     -0.7797 
41     -1.3836     -0.4460 
42     -1.7516     -0.1583 
43     -1.9026      0.1499 
44     -1.8512      0.4251 
45     -1.8291      0.6606 
46     -1.4847      0.7747 
47     -0.9331      0.8187 
48     -0.3985      0.7880 
49      0.0928      0.6781 
50      0.4372      0.4842 
