00     -1.6779     -0.8118 
01     -1.2004     -0.6823 
02     -0.8796     -0.5570 
03     -0.6866     -0.3794 
04     -0.5923     -0.3462 
05     -0.5677     -0.2828 
06     -0.5837     -0.2359 
07     -0.5817     -0.0809 
08     -0.6042      0.0640 
09     -0.4858      0.1484 
10     -0.2920      0.2195 
11     -0.0589      0.1485 
12      0.0463     -0.0914 
13      0.0648     -0.4478 
14      0.0296     -0.8075 
15     -0.0623     -1.1860 
16     -0.1807     -1.4189 
17     -0.4254     -1.5250 
18     -0.5558     -1.5425 
19     -0.6845     -1.3976 
20     -0.7569     -1.2717 
21     -0.6796     -1.0590 
22     -0.5693     -0.7870 
23     -0.5717     -0.5830 
24     -0.4179     -0.5110 
25     -0.1387     -0.3733 
26      0.1167     -0.2394 
27      0.3083     -0.0582 
28      0.4708      0.0747 
29      0.5512      0.1416 
30      0.7519      0.1274 
31      0.9606      0.0920 
32      1.0996      0.0025 
33      1.2183      0.0108 
34      1.3084      0.1737 
35      1.3730      0.4020 
36      1.6426      0.5515 
37      1.8847      0.6187 
38      2.0597      0.5830 
39      2.1463      0.5883 
40      2.4496      0.3310 
41      2.6023      0.0617 
42      2.7413     -0.2124 
43      2.8120     -0.5662 
44      2.8137     -0.8775 
45      2.7572     -1.0423 
46      2.5100     -1.0917 
47      2.0382     -1.0915 
48      1.5020     -1.0531 
49      0.9566     -0.9879 
50      0.4381     -0.9072 
