00     -2.4935      1.6186 
01     -2.2416      1.6620 
02     -1.9309      1.7372 
03     -1.5849      1.4504 
04     -1.2271      1.3892 
05     -0.8810      1.1222 
06     -0.5699      0.7552 
07     -0.1741      0.6049 
08     -0.0535      0.4892 
09     -0.2851      0.3363 
10     -0.4762      0.5522 
11     -0.4865      0.7939 
12     -0.1906      0.8245 
13      0.2419      0.9185 
14      0.6509      1.1355 
15      0.7559      1.0994 
16      1.0069      1.2928 
17      1.1057      0.9771 
18      1.4295      0.6647 
19      1.6735      0.7081 
20      1.8560      0.5424 
21      1.9073      0.3798 
22      1.9473      0.4060 
23      1.7397      0.1470 
24      1.8056      0.0069 
25      1.6944     -0.1066 
26      1.5483     -0.1210 
27      1.1653     -0.2120 
28      1.1704     -0.3023 
29      1.0228     -0.4949 
30      1.0898     -0.5562 
31      0.8417     -0.1838 
32      0.4600      0.0345 
33      0.2409     -0.0752 
34     -0.1544     -0.0896 
35     -0.3969     -0.2449 
36     -0.2913     -0.1609 
37     -0.1452     -0.0405 
38     -0.1129      0.3234 
39     -0.1592      0.5284 
40     -0.0908      0.7269 
41     -0.0461      0.9888 
42     -0.2016      1.2166 
43     -0.4768      1.3404 
44     -0.7858      1.1178 
45     -1.1201      0.8547 
46     -1.4284      0.8332 
47     -1.4970      0.8877 
48     -1.1935      1.0349 
49     -0.9482      1.2913 
50     -0.8616      1.6732 
