00     -0.5336      0.1718 
01     -0.4698      0.3716 
02     -0.4321      0.3737 
03     -0.4143      0.3193 
04     -0.4100      0.0874 
05     -0.4132     -0.4129 
06     -0.4175     -0.9220 
07     -0.2965     -1.3365 
08     -0.2626     -1.4609 
09     -0.3953     -1.6496 
10     -0.5561     -1.5338 
11     -0.7129     -1.3498 
12     -0.9129     -1.1350 
13     -1.2072     -0.9474 
14     -1.4182     -0.6552 
15     -1.4082     -0.4012 
16     -1.2411     -0.1783 
17     -0.7446      0.0761 
18     -0.1047      0.4534 
19      0.6345      0.7802 
20      1.3286      1.0674 
21      1.7311      1.0555 
22      1.9160      1.0813 
23      1.7626      0.8341 
24      1.4670      0.4643 
25      1.0217      0.0235 
26      0.3797     -0.3558 
27     -0.1099     -0.5582 
28     -0.6627     -0.5714 
29     -0.8573     -0.3038 
30     -0.7625      0.1476 
31     -0.3695      0.6487 
32     -0.0134      1.0639 
33      0.3449      1.4076 
34      0.5661      1.4394 
35      0.7423      1.1709 
36      0.6678      0.6546 
37      0.4663      0.0071 
38      0.0261     -0.6644 
39     -0.4826     -1.1110 
40     -1.0574     -1.4833 
41     -1.2829     -1.5971 
42     -1.2692     -1.7100 
43     -1.1585     -1.6676 
44     -1.0537     -1.7004 
45     -0.7351     -1.6492 
46     -0.2167     -1.8633 
47      0.3572     -2.1006 
48      0.8169     -2.3336 
49      1.1233     -2.5344 
50      1.1917     -2.6755 
