965.91	304.58	16.35
0.00	304.58	16.35	3.44	4.06
50.00	304.56	16.27	3.86	4.18
100.00	304.52	16.11	4.59	4.38
150.00	304.51	16.04	5.06	4.39
200.00	304.50	15.99	5.40	4.43
250.00	304.50	15.94	5.71	4.46
300.00	304.50	15.90	5.94	4.53
350.00	304.50	15.87	6.15	4.63
400.00	304.50	15.83	6.33	4.77
450.00	304.51	15.79	6.49	4.94
500.00	304.51	15.75	6.62	5.14
550.00	304.52	15.70	6.74	5.36
600.00	304.54	15.63	6.84	5.62
650.00	304.56	15.55	6.92	5.89
700.00	304.58	15.48	6.98	6.16
750.00	304.62	15.36	7.02	6.51
800.00	304.68	15.20	7.03	6.94
850.00	304.73	15.04	7.04	7.38
900.00	304.79	14.88	7.06	7.81
950.00	304.84	14.71	7.10	8.24
1000.00	304.96	14.45	7.15	8.62
1050.00	305.07	14.18	7.20	9.01
1100.00	305.18	13.91	7.22	9.30
1150.00	305.29	13.64	7.25	9.59
1200.00	305.40	13.38	7.27	9.88
1250.00	305.49	13.17	7.35	10.14
1300.00	305.56	13.01	7.47	10.37
1350.00	305.63	12.86	7.61	10.59
1400.00	305.70	12.70	7.74	10.82
1450.00	305.78	12.54	7.87	11.04
1500.00	305.85	12.38	8.02	11.22
1550.00	305.92	12.22	8.18	11.40
1600.00	306.01	12.03	8.38	11.58
1650.00	306.09	11.85	8.59	11.76
1700.00	306.18	11.66	8.84	11.96
1750.00	306.27	11.47	9.09	12.15
1800.00	306.35	11.29	9.35	12.35
1850.00	306.44	11.10	9.61	12.53
1900.00	306.53	10.91	9.84	12.71
1950.00	306.64	10.68	10.12	12.85
2000.00	306.75	10.45	10.43	12.99
2050.00	306.87	10.21	10.73	13.12
2100.00	306.98	9.97	11.03	13.26
2150.00	307.10	9.73	11.32	13.40
2200.00	307.21	9.49	11.61	13.53
2250.00	307.33	9.25	11.90	13.67
2300.00	307.44	9.01	12.19	13.81
2350.00	307.72	8.55	12.58	13.85
2400.00	308.17	7.85	13.07	13.78
2450.00	308.62	7.15	13.56	13.70
2500.00	309.07	6.45	14.04	13.62
2550.00	309.52	5.75	14.52	13.54
2600.00	309.96	5.05	15.00	13.46
2650.00	310.41	4.35	15.48	13.38
2700.00	310.86	3.65	15.92	13.29
2750.00	311.31	2.96	16.35	13.19
2800.00	311.68	2.41	16.71	13.12
2850.00	311.83	2.32	16.80	13.13
2900.00	311.99	2.23	16.89	13.15
2950.00	312.14	2.14	16.98	13.15
3000.00	312.30	2.05	17.03	13.13
3050.00	312.45	1.96	17.09	13.11
3100.00	312.61	1.87	17.14	13.10
3150.00	312.76	1.78	17.19	13.08
3200.00	312.91	1.69	17.24	13.06
3250.00	313.07	1.60	17.30	13.05
3300.00	313.21	1.53	17.30	13.04
3350.00	313.27	1.51	17.17	13.02
3400.00	313.33	1.50	17.05	13.00
3450.00	313.40	1.49	16.94	12.98
3500.00	313.46	1.48	16.81	12.96
3550.00	313.53	1.47	16.69	12.94
3600.00	313.59	1.46	16.60	12.91
3650.00	313.65	1.45	16.53	12.89
3700.00	313.72	1.43	16.44	12.86
3750.00	313.78	1.42	16.36	12.84
3800.00	313.84	1.41	16.27	12.81
3850.00	313.92	1.40	16.27	12.78
3900.00	314.02	1.39	16.47	12.73
3950.00	314.12	1.38	16.67	12.69
4000.00	314.22	1.36	16.88	12.65
4050.00	314.32	1.35	17.09	12.60
4100.00	314.42	1.34	17.30	12.56
4150.00	314.52	1.33	17.51	12.51
4200.00	314.62	1.31	17.71	12.46
4250.00	314.71	1.30	17.93	12.44
4300.00	314.81	1.29	18.16	12.41
4350.00	314.91	1.28	18.38	12.39
4400.00	315.01	1.26	18.61	12.37
4450.00	315.15	1.26	18.96	12.40
4500.00	315.31	1.26	19.43	12.47
4550.00	315.47	1.26	19.89	12.56
4600.00	315.63	1.27	20.36	12.64
4650.00	315.80	1.27	20.84	12.73
4700.00	315.96	1.27	21.31	12.82
4750.00	316.12	1.27	21.79	12.92
4800.00	316.28	1.27	22.27	13.01
4850.00	316.45	1.28	22.74	13.10
4900.00	316.61	1.28	23.21	13.20
4950.00	316.77	1.28	23.69	13.30
5000.00	316.93	1.28	24.18	13.43
5050.00	317.10	1.29	24.68	13.57
5100.00	317.25	1.28	25.08	13.70
5150.00	317.41	1.28	25.47	13.82
5200.00	317.57	1.27	25.85	13.95
5250.00	317.72	1.27	26.24	14.07
5300.00	317.88	1.26	26.62	14.20
5350.00	318.04	1.26	27.01	14.33
5400.00	318.19	1.25	27.39	14.47
5450.00	318.35	1.25	27.76	14.61
5500.00	318.51	1.24	28.14	14.75
5550.00	318.66	1.23	28.52	14.89
5600.00	318.82	1.23	28.90	15.03
5650.00	318.98	1.22	29.27	15.17
5700.00	319.13	1.22	29.66	15.30
5750.00	319.29	1.21	30.00	15.45
5800.00	319.41	1.19	30.07	15.54
5850.00	319.54	1.17	30.14	15.64
5900.00	319.66	1.14	30.21	15.74
5950.00	319.78	1.12	30.27	15.84
6000.00	319.91	1.10	30.33	15.93
6050.00	320.03	1.07	30.40	16.03
6100.00	320.15	1.05	30.47	16.13
6150.00	320.28	1.03	30.54	16.23
6200.00	320.40	1.01	30.60	16.35
6250.00	320.53	0.98	30.68	16.47
6300.00	320.65	0.96	30.75	16.58
6350.00	320.77	0.94	30.82	16.70
6400.00	320.90	0.91	30.88	16.81
6450.00	321.02	0.89	30.96	16.93
6500.00	321.15	0.86	30.93	17.02
6550.00	321.29	0.83	30.89	17.12
6600.00	321.43	0.81	30.84	17.21
6650.00	321.56	0.78	30.79	17.29
6700.00	321.70	0.75	30.74	17.37
6750.00	321.83	0.72	30.69	17.45
6800.00	321.97	0.69	30.63	17.53
6850.00	322.10	0.66	30.58	17.61
6900.00	322.24	0.64	30.52	17.69
6950.00	322.37	0.61	30.47	17.77
7000.00	322.51	0.58	30.42	17.85
7050.00	322.64	0.55	30.35	17.91
7100.00	322.78	0.52	30.27	17.97
7150.00	322.91	0.49	30.19	18.03
7200.00	323.05	0.48	30.15	18.07
7250.00	323.20	0.46	30.12	18.10
7300.00	323.34	0.44	30.09	18.14
7350.00	323.48	0.42	30.06	18.17
7400.00	323.63	0.41	30.03	18.21
7450.00	323.77	0.39	30.00	18.24
7500.00	323.91	0.37	29.96	18.27
7550.00	324.05	0.36	29.93	18.26
7600.00	324.20	0.34	29.89	18.26
7650.00	324.34	0.32	29.86	18.25
7700.00	324.48	0.31	29.82	18.25
7750.00	324.63	0.29	29.79	18.24
7800.00	324.77	0.27	29.76	18.24
7850.00	324.91	0.25	29.73	18.23
7900.00	325.05	0.25	29.79	18.20
7950.00	325.20	0.24	29.85	18.17
8000.00	325.34	0.23	29.91	18.14
8050.00	325.48	0.22	29.97	18.11
8100.00	325.63	0.21	30.04	18.08
8150.00	325.77	0.21	30.10	18.04
8200.00	325.91	0.20	30.17	18.01
8250.00	326.05	0.19	30.24	17.98
8300.00	326.20	0.18	30.30	17.95
8350.00	326.34	0.17	30.37	17.91
8400.00	326.48	0.16	30.44	17.88
8450.00	326.63	0.16	30.50	17.85
8500.00	326.77	0.15	30.59	17.80
8550.00	326.91	0.14	30.70	17.75
8600.00	327.05	0.14	30.84	17.70
8650.00	327.20	0.13	30.99	17.64
8700.00	327.34	0.13	31.13	17.58
8750.00	327.48	0.12	31.28	17.52
8800.00	327.62	0.12	31.42	17.47
8850.00	327.76	0.11	31.56	17.40
8900.00	327.91	0.11	31.71	17.35
8950.00	328.05	0.10	31.85	17.28
9000.00	328.19	0.10	31.99	17.21
9050.00	328.33	0.09	32.13	17.13
9100.00	328.47	0.09	32.27	17.06
9150.00	328.61	0.09	32.41	16.98
9200.00	328.76	0.08	32.55	16.90
9250.00	328.92	0.08	32.69	16.77
9300.00	329.08	0.08	32.84	16.66
9350.00	329.24	0.07	32.98	16.54
9400.00	329.39	0.07	33.11	16.43
9450.00	329.55	0.07	33.25	16.31
9500.00	329.71	0.07	33.41	16.22
9550.00	329.87	0.06	33.57	16.14
9600.00	330.03	0.06	33.73	16.04
9650.00	330.19	0.06	33.89	15.96
9700.00	330.35	0.06	34.05	15.86
9750.00	330.50	0.05	34.21	15.78
9800.00	330.66	0.05	34.37	15.69
9850.00	330.83	0.05	34.52	15.60
9900.00	331.04	0.05	34.65	15.49
9950.00	331.25	0.05	34.78	15.39
10000.00	331.46	0.04	34.89	15.28
10050.00	331.67	0.04	35.01	15.18
10100.00	331.88	0.04	35.12	15.08
10150.00	332.09	0.04	35.23	14.99
10200.00	332.30	0.04	35.34	14.89
10250.00	332.50	0.04	35.46	14.79
10300.00	332.71	0.04	35.58	14.69
10350.00	332.92	0.03	35.69	14.59
10400.00	333.13	0.03	35.80	14.49
10450.00	333.34	0.03	35.91	14.38
10500.00	333.58	0.03	36.03	14.30
10550.00	333.86	0.03	36.17	14.25
10600.00	334.14	0.03	36.30	14.21
10650.00	334.42	0.03	36.44	14.16
10700.00	334.70	0.03	36.59	14.10
10750.00	334.98	0.03	36.72	14.05
10800.00	335.26	0.03	36.87	14.01
10850.00	335.54	0.02	37.01	13.96
10900.00	335.82	0.02	37.15	13.91
10950.00	336.10	0.02	37.29	13.87
11000.00	336.38	0.02	37.43	13.82
11050.00	336.66	0.02	37.57	13.77
11100.00	336.95	0.02	37.71	13.72
11150.00	337.30	0.02	37.83	13.70
11200.00	337.69	0.02	37.95	13.68
11250.00	338.09	0.02	38.06	13.68
11300.00	338.48	0.02	38.18	13.67
11350.00	338.87	0.02	38.30	13.66
11400.00	339.26	0.02	38.41	13.65
11450.00	339.66	0.02	38.53	13.65
11500.00	340.05	0.02	38.64	13.63
11550.00	340.44	0.02	38.76	13.62
11600.00	340.84	0.02	38.88	13.62
11650.00	341.23	0.02	39.00	13.60
11700.00	341.62	0.02	39.11	13.61
11750.00	342.05	0.02	39.20	13.60
11800.00	342.73	0.02	39.20	13.54
11850.00	343.41	0.02	39.18	13.47
11900.00	344.09	0.01	39.16	13.41
11950.00	344.77	0.01	39.15	13.34
12000.00	345.45	0.01	39.13	13.29
12050.00	346.13	0.01	39.12	13.22
12100.00	346.81	0.01	39.10	13.15
12150.00	347.49	0.01	39.09	13.09
12200.00	348.18	0.01	39.08	13.02
12250.00	348.86	0.01	39.07	12.96
12300.00	349.54	0.01	39.06	12.91
12350.00	350.22	0.01	39.05	12.85
12400.00	351.09	0.01	38.85	12.75
12450.00	352.05	0.01	38.56	12.64
12500.00	353.01	0.01	38.26	12.53
12550.00	353.97	0.01	37.97	12.42
12600.00	354.93	0.01	37.68	12.31
12650.00	355.89	0.01	37.39	12.20
12700.00	356.85	0.01	37.10	12.09
12750.00	357.81	0.01	36.81	11.98
12800.00	358.77	0.01	36.51	11.87
12850.00	359.73	0.01	36.22	11.76
12900.00	360.69	0.01	35.95	11.63
12950.00	361.65	0.01	35.67	11.51
13000.00	362.62	0.01	35.33	11.43
13050.00	363.61	0.01	34.79	11.48
13100.00	364.61	0.01	34.26	11.53
13150.00	365.61	0.01	33.72	11.57
13200.00	366.60	0.01	33.19	11.62
13250.00	367.60	0.01	32.66	11.67
13300.00	368.59	0.01	32.11	11.72
13350.00	369.59	0.01	31.58	11.76
13400.00	370.58	0.01	31.05	11.81
13450.00	371.58	0.01	30.51	11.86
13500.00	372.57	0.01	29.98	11.90
13550.00	373.57	0.01	29.44	11.93
13600.00	374.56	0.01	28.90	11.95
13650.00	375.40	0.01	28.54	12.03
13700.00	376.18	0.00	28.24	12.11
13750.00	376.96	0.00	27.94	12.21
13800.00	377.74	0.00	27.63	12.29
13850.00	378.53	0.00	27.33	12.37
13900.00	379.31	0.00	27.04	12.46
13950.00	380.09	0.00	26.73	12.54
14000.00	380.87	0.00	26.43	12.64
14050.00	381.65	0.00	26.13	12.72
14100.00	382.43	0.00	25.83	12.81
14150.00	383.21	0.00	25.54	12.89
14200.00	383.99	0.00	25.25	12.98
14250.00	384.78	0.00	25.03	13.02
14300.00	385.57	0.00	25.02	12.92
14350.00	386.36	0.00	25.02	12.81
14400.00	387.15	0.00	25.02	12.71
14450.00	387.94	0.00	25.01	12.60
14500.00	388.73	0.00	25.00	12.49
14550.00	389.52	0.00	25.00	12.38
14600.00	390.32	0.00	24.99	12.28
14650.00	391.11	0.00	24.99	12.17
14700.00	391.90	0.00	24.99	12.06
14750.00	392.69	0.00	24.98	11.96
14800.00	393.48	0.00	24.97	11.88
14850.00	394.27	0.00	24.97	11.79
14900.00	395.14	0.00	24.93	11.66
14950.00	396.05	0.00	24.87	11.51
15000.00	396.95	0.00	24.83	11.36
15050.00	397.86	0.00	24.77	11.21
15100.00	398.76	0.00	24.72	11.06
15150.00	399.66	0.00	24.66	10.91
15200.00	400.57	0.00	24.61	10.76
15250.00	401.47	0.00	24.56	10.61
15300.00	402.38	0.00	24.50	10.46
15350.00	403.28	0.00	24.45	10.31
15400.00	404.19	0.00	24.40	10.16
15450.00	405.09	0.00	24.34	10.02
15500.00	405.98	0.00	24.26	9.90
15550.00	406.84	0.00	24.09	9.80
15600.00	407.69	0.00	23.93	9.71
15650.00	408.55	0.00	23.77	9.62
15700.00	409.40	0.00	23.61	9.53
15750.00	410.26	0.00	23.45	9.44
15800.00	411.11	0.00	23.29	9.35
15850.00	411.97	0.00	23.13	9.25
15900.00	412.82	0.00	22.97	9.17
15950.00	413.68	0.00	22.81	9.08
16000.00	414.53	0.00	22.65	8.99
16050.00	415.39	0.00	22.49	8.89
16100.00	416.24	0.00	22.33	8.80
16150.00	416.88	0.00	22.13	8.76
16200.00	417.45	0.00	21.90	8.75
16250.00	418.01	0.00	21.66	8.72
16300.00	418.58	0.00	21.43	8.71
16350.00	419.14	0.00	21.21	8.69
16400.00	419.71	0.00	20.98	8.66
16450.00	420.27	0.00	20.75	8.65
16500.00	420.84	0.00	20.52	8.63
16550.00	421.41	0.00	20.29	8.62
16600.00	421.97	0.00	20.06	8.59
16650.00	422.54	0.00	19.83	8.57
16700.00	423.10	0.00	19.60	8.56
16750.00	423.62	0.00	19.45	8.54
16800.00	424.04	0.00	19.42	8.55
16850.00	424.46	0.00	19.40	8.56
16900.00	424.88	0.00	19.38	8.56
16950.00	425.30	0.00	19.35	8.58
17000.00	425.73	0.00	19.33	8.58
17050.00	426.15	0.00	19.30	8.59
17100.00	426.57	0.00	19.27	8.59
17150.00	426.99	0.00	19.26	8.61
17200.00	427.41	0.00	19.23	8.62
17250.00	427.83	0.00	19.20	8.62
17300.00	428.26	0.00	19.18	8.63
17350.00	428.75	0.00	19.18	8.60
17400.00	429.64	0.00	19.28	8.34
17450.00	430.53	0.00	19.36	8.07
17500.00	431.42	0.00	19.43	7.82
17550.00	432.31	0.00	19.50	7.56
17600.00	433.20	0.00	19.56	7.31
17650.00	434.09	0.00	19.63	7.05
17700.00	434.98	0.00	19.70	6.80
17750.00	435.87	0.00	19.76	6.54
17800.00	436.76	0.00	19.82	6.29
17850.00	437.65	0.00	19.89	6.04
17900.00	438.54	0.00	19.95	5.78
17950.00	439.45	0.00	20.00	5.51
18000.00	440.79	0.00	19.60	4.94
18050.00	442.13	0.00	19.19	4.37
18100.00	443.47	0.00	18.79	3.78
18150.00	444.81	0.00	18.37	3.21
18200.00	446.15	0.00	17.97	2.65
18250.00	447.50	0.00	17.55	2.08
18300.00	448.84	0.00	17.14	1.52
18350.00	450.18	0.00	16.72	0.95
18400.00	451.52	0.00	16.31	0.39
18450.00	452.86	0.00	15.89	-0.18
18500.00	454.20	0.00	15.48	-0.74
18550.00	455.54	0.00	15.06	-1.31
18600.00	456.39	0.00	14.31	-1.26
18650.00	457.18	0.00	13.53	-1.15
18700.00	457.98	0.00	12.75	-1.03
18750.00	458.77	0.00	11.96	-0.93
18800.00	459.57	0.00	11.18	-0.82
18850.00	460.36	0.00	10.40	-0.71
18900.00	461.16	0.00	9.61	-0.59
18950.00	461.96	0.00	8.83	-0.47
19000.00	462.75	0.00	8.05	-0.36
19050.00	463.55	0.00	7.26	-0.23
19100.00	464.34	0.00	6.47	-0.11
19150.00	465.14	0.00	5.69	0.00
19200.00	466.21	0.00	5.33	0.38
19250.00	467.37	0.00	5.10	0.82
19300.00	468.52	0.00	4.88	1.26
19350.00	469.68	0.00	4.65	1.70
19400.00	470.84	0.00	4.41	2.15
19450.00	471.99	0.00	4.18	2.58
19500.00	473.15	0.00	3.95	3.03
19550.00	474.31	0.00	3.73	3.48
19600.00	475.46	0.00	3.50	3.92
19650.00	476.62	0.00	3.27	4.34
19700.00	477.78	0.00	3.05	4.74
19750.00	478.93	0.00	2.84	5.15
19800.00	480.23	0.00	2.70	5.30
19850.00	481.60	0.00	2.61	5.33
19900.00	482.97	0.00	2.52	5.35
19950.00	484.33	0.00	2.43	5.38
20000.00	485.70	0.00	2.34	5.41
20050.00	487.07	0.00	2.25	5.44
