965.50	305.63	16.96
0.00	305.63	16.96	4.54	7.03
50.00	305.61	16.81	4.78	7.21
100.00	305.59	16.53	5.33	7.99
150.00	305.59	16.41	5.59	8.35
200.00	305.59	16.32	5.78	8.61
250.00	305.58	16.25	5.94	8.82
300.00	305.59	16.19	6.07	8.98
350.00	305.59	16.13	6.18	9.13
400.00	305.59	16.07	6.30	9.27
450.00	305.60	16.02	6.40	9.39
500.00	305.60	15.97	6.51	9.51
550.00	305.61	15.91	6.62	9.62
600.00	305.62	15.85	6.74	9.74
650.00	305.63	15.78	6.86	9.85
700.00	305.64	15.72	6.99	9.96
750.00	305.67	15.60	7.19	10.11
800.00	305.71	15.42	7.47	10.30
850.00	305.76	15.24	7.76	10.49
900.00	305.80	15.06	8.04	10.68
950.00	305.85	14.88	8.33	10.87
1000.00	305.94	14.59	8.68	11.05
1050.00	306.03	14.29	9.04	11.23
1100.00	306.13	14.00	9.41	11.40
1150.00	306.23	13.70	9.77	11.58
1200.00	306.32	13.41	10.13	11.76
1250.00	306.42	13.13	10.38	11.89
1300.00	306.51	12.88	10.53	11.97
1350.00	306.60	12.63	10.68	12.04
1400.00	306.69	12.38	10.82	12.12
1450.00	306.79	12.13	10.97	12.20
1500.00	306.88	11.89	11.11	12.28
1550.00	306.97	11.64	11.26	12.36
1600.00	307.07	11.39	11.43	12.46
1650.00	307.17	11.14	11.59	12.56
1700.00	307.28	10.90	11.76	12.66
1750.00	307.38	10.65	11.92	12.75
1800.00	307.48	10.40	12.08	12.85
1850.00	307.58	10.16	12.25	12.95
1900.00	307.68	9.91	12.41	13.05
1950.00	307.96	9.34	12.72	13.15
2000.00	308.32	8.63	13.10	13.26
2050.00	308.68	7.92	13.48	13.37
2100.00	309.04	7.20	13.86	13.47
2150.00	309.40	6.49	14.23	13.58
2200.00	309.76	5.78	14.61	13.68
2250.00	310.12	5.06	14.99	13.79
2300.00	310.47	4.35	15.37	13.89
2350.00	310.78	3.79	15.70	13.95
2400.00	310.99	3.55	15.96	13.93
2450.00	311.19	3.30	16.21	13.90
2500.00	311.39	3.05	16.46	13.88
2550.00	311.60	2.81	16.72	13.86
2600.00	311.80	2.56	16.97	13.83
2650.00	312.01	2.31	17.22	13.81
2700.00	312.21	2.07	17.48	13.78
2750.00	312.42	1.82	17.73	13.76
2800.00	312.61	1.59	17.96	13.73
2850.00	312.71	1.58	17.96	13.66
2900.00	312.81	1.56	17.96	13.60
2950.00	312.91	1.54	17.96	13.53
3000.00	313.01	1.53	17.96	13.47
3050.00	313.11	1.51	17.96	13.40
3100.00	313.21	1.50	17.96	13.34
3150.00	313.31	1.48	17.96	13.27
3200.00	313.41	1.46	17.96	13.21
3250.00	313.51	1.45	17.96	13.14
3300.00	313.61	1.43	17.96	13.07
3350.00	313.69	1.44	17.95	13.04
3400.00	313.77	1.44	17.94	13.01
3450.00	313.85	1.45	17.93	12.98
3500.00	313.93	1.46	17.92	12.95
3550.00	314.01	1.46	17.91	12.92
3600.00	314.09	1.47	17.90	12.89
3650.00	314.17	1.48	17.89	12.86
3700.00	314.25	1.48	17.88	12.83
3750.00	314.33	1.49	17.87	12.80
3800.00	314.41	1.50	17.86	12.77
3850.00	314.49	1.50	17.87	12.74
3900.00	314.61	1.50	18.06	12.73
3950.00	314.74	1.50	18.25	12.72
4000.00	314.86	1.50	18.43	12.71
4050.00	314.98	1.50	18.62	12.70
4100.00	315.11	1.50	18.81	12.70
4150.00	315.23	1.50	19.00	12.69
4200.00	315.35	1.50	19.19	12.68
4250.00	315.47	1.50	19.38	12.67
4300.00	315.60	1.50	19.56	12.66
4350.00	315.72	1.50	19.75	12.65
4400.00	315.84	1.51	19.94	12.64
4450.00	315.97	1.50	20.16	12.64
4500.00	316.11	1.50	20.46	12.64
4550.00	316.25	1.50	20.75	12.63
4600.00	316.39	1.49	21.05	12.63
4650.00	316.54	1.49	21.34	12.63
4700.00	316.68	1.49	21.64	12.63
4750.00	316.82	1.48	21.93	12.63
4800.00	316.96	1.48	22.23	12.63
4850.00	317.10	1.48	22.52	12.62
4900.00	317.24	1.47	22.82	12.62
4950.00	317.38	1.47	23.11	12.62
5000.00	317.52	1.47	23.41	12.62
5050.00	317.66	1.46	23.70	12.62
5100.00	317.79	1.45	23.94	12.64
5150.00	317.91	1.44	24.15	12.67
5200.00	318.03	1.42	24.35	12.71
5250.00	318.15	1.41	24.55	12.75
5300.00	318.27	1.39	24.76	12.79
5350.00	318.39	1.38	24.96	12.83
5400.00	318.51	1.36	25.16	12.86
5450.00	318.63	1.35	25.36	12.90
5500.00	318.75	1.33	25.57	12.94
5550.00	318.87	1.32	25.77	12.98
5600.00	318.99	1.30	25.97	13.01
5650.00	319.11	1.29	26.18	13.05
5700.00	319.23	1.27	26.38	13.09
5750.00	319.35	1.25	26.58	13.13
5800.00	319.46	1.23	26.70	13.17
5850.00	319.56	1.19	26.80	13.21
5900.00	319.67	1.16	26.90	13.25
5950.00	319.78	1.13	27.00	13.29
6000.00	319.89	1.10	27.10	13.33
6050.00	319.99	1.06	27.20	13.37
6100.00	320.10	1.03	27.30	13.41
6150.00	320.21	1.00	27.40	13.46
6200.00	320.32	0.97	27.50	13.50
6250.00	320.42	0.94	27.60	13.54
6300.00	320.53	0.90	27.70	13.58
6350.00	320.64	0.87	27.80	13.62
6400.00	320.75	0.84	27.90	13.66
6450.00	320.85	0.81	28.00	13.70
6500.00	320.98	0.78	28.10	13.75
6550.00	321.12	0.75	28.20	13.81
6600.00	321.26	0.72	28.30	13.87
6650.00	321.40	0.69	28.40	13.93
6700.00	321.54	0.66	28.51	13.99
6750.00	321.69	0.63	28.61	14.05
6800.00	321.83	0.60	28.71	14.11
6850.00	321.97	0.57	28.81	14.17
6900.00	322.11	0.54	28.91	14.23
6950.00	322.25	0.51	29.02	14.29
7000.00	322.39	0.48	29.12	14.35
7050.00	322.53	0.45	29.22	14.41
7100.00	322.67	0.42	29.32	14.47
7150.00	322.81	0.39	29.43	14.53
7200.00	322.97	0.37	29.54	14.59
7250.00	323.14	0.35	29.67	14.64
7300.00	323.30	0.34	29.80	14.69
7350.00	323.47	0.33	29.93	14.74
7400.00	323.64	0.31	30.06	14.79
7450.00	323.80	0.30	30.19	14.83
7500.00	323.97	0.28	30.33	14.88
7550.00	324.14	0.27	30.46	14.93
7600.00	324.30	0.26	30.59	14.98
7650.00	324.47	0.24	30.72	15.03
7700.00	324.63	0.23	30.85	15.08
7750.00	324.80	0.21	30.98	15.13
7800.00	324.97	0.20	31.11	15.18
7850.00	325.13	0.18	31.24	15.23
7900.00	325.29	0.18	31.36	15.23
7950.00	325.45	0.17	31.48	15.21
8000.00	325.60	0.17	31.60	15.20
8050.00	325.76	0.16	31.71	15.18
8100.00	325.91	0.16	31.83	15.17
8150.00	326.07	0.15	31.95	15.16
8200.00	326.22	0.15	32.07	15.14
8250.00	326.38	0.15	32.19	15.13
8300.00	326.53	0.14	32.31	15.12
8350.00	326.69	0.14	32.43	15.10
8400.00	326.84	0.13	32.54	15.09
8450.00	327.00	0.13	32.66	15.07
8500.00	327.15	0.12	32.78	15.06
8550.00	327.31	0.12	32.90	15.03
8600.00	327.45	0.12	33.00	14.97
8650.00	327.59	0.11	33.10	14.90
8700.00	327.73	0.11	33.21	14.84
8750.00	327.88	0.11	33.31	14.77
8800.00	328.02	0.11	33.42	14.71
8850.00	328.16	0.10	33.52	14.64
8900.00	328.31	0.10	33.62	14.57
8950.00	328.45	0.10	33.73	14.51
9000.00	328.59	0.10	33.83	14.44
9050.00	328.73	0.10	33.93	14.38
9100.00	328.88	0.09	34.04	14.31
9150.00	329.02	0.09	34.14	14.25
9200.00	329.16	0.09	34.25	14.18
9250.00	329.33	0.09	34.35	14.10
9300.00	329.50	0.09	34.45	14.01
9350.00	329.67	0.08	34.56	13.92
9400.00	329.84	0.08	34.66	13.84
9450.00	330.00	0.08	34.76	13.75
9500.00	330.17	0.08	34.87	13.67
9550.00	330.34	0.07	34.97	13.58
9600.00	330.51	0.07	35.07	13.49
9650.00	330.68	0.07	35.18	13.41
9700.00	330.85	0.07	35.28	13.32
9750.00	331.01	0.07	35.38	13.23
9800.00	331.18	0.06	35.49	13.15
9850.00	331.35	0.06	35.59	13.06
9900.00	331.57	0.06	35.70	12.96
9950.00	331.79	0.06	35.80	12.86
10000.00	332.01	0.06	35.91	12.76
10050.00	332.24	0.05	36.02	12.67
10100.00	332.46	0.05	36.13	12.57
10150.00	332.68	0.05	36.23	12.47
10200.00	332.91	0.05	36.34	12.37
10250.00	333.13	0.05	36.45	12.27
10300.00	333.35	0.04	36.56	12.17
10350.00	333.57	0.04	36.66	12.07
10400.00	333.80	0.04	36.77	11.97
10450.00	334.02	0.04	36.88	11.87
10500.00	334.24	0.04	36.99	11.77
10550.00	334.53	0.03	37.05	11.76
10600.00	334.81	0.03	37.12	11.74
10650.00	335.09	0.03	37.18	11.73
10700.00	335.37	0.03	37.25	11.71
10750.00	335.65	0.03	37.32	11.70
10800.00	335.93	0.03	37.38	11.69
10850.00	336.22	0.03	37.45	11.67
10900.00	336.50	0.03	37.51	11.66
10950.00	336.78	0.02	37.58	11.64
11000.00	337.06	0.02	37.64	11.63
11050.00	337.34	0.02	37.71	11.61
11100.00	337.63	0.02	37.78	11.60
11150.00	337.94	0.02	37.83	11.60
11200.00	338.34	0.02	37.85	11.62
11250.00	338.74	0.02	37.88	11.64
11300.00	339.15	0.02	37.90	11.66
11350.00	339.55	0.02	37.92	11.68
11400.00	339.95	0.02	37.95	11.70
11450.00	340.35	0.02	37.97	11.72
11500.00	340.75	0.01	38.00	11.75
11550.00	341.15	0.01	38.02	11.77
11600.00	341.56	0.01	38.04	11.79
11650.00	341.96	0.01	38.07	11.81
11700.00	342.36	0.01	38.09	11.83
11750.00	342.76	0.01	38.11	11.85
11800.00	343.33	0.01	38.06	11.86
11850.00	343.97	0.01	37.97	11.85
11900.00	344.61	0.01	37.88	11.85
11950.00	345.25	0.01	37.80	11.85
12000.00	345.88	0.01	37.71	11.84
12050.00	346.52	0.01	37.62	11.84
12100.00	347.16	0.01	37.53	11.84
12150.00	347.80	0.01	37.44	11.83
12200.00	348.44	0.01	37.36	11.83
12250.00	349.07	0.01	37.27	11.83
12300.00	349.71	0.01	37.18	11.82
12350.00	350.35	0.01	37.09	11.82
12400.00	351.04	0.01	36.98	11.80
12450.00	351.88	0.01	36.76	11.73
12500.00	352.73	0.01	36.55	11.67
12550.00	353.57	0.01	36.34	11.60
12600.00	354.42	0.01	36.13	11.53
12650.00	355.26	0.01	35.92	11.46
12700.00	356.10	0.01	35.71	11.40
12750.00	356.95	0.01	35.50	11.33
12800.00	357.79	0.01	35.29	11.26
12850.00	358.64	0.01	35.08	11.19
12900.00	359.48	0.01	34.87	11.13
12950.00	360.32	0.01	34.66	11.06
13000.00	361.17	0.01	34.45	10.99
13050.00	362.07	0.01	34.16	10.94
13100.00	362.97	0.01	33.85	10.89
13150.00	363.88	0.01	33.54	10.85
13200.00	364.79	0.01	33.23	10.80
13250.00	365.70	0.01	32.92	10.75
13300.00	366.61	0.01	32.61	10.70
13350.00	367.52	0.01	32.30	10.66
13400.00	368.43	0.01	31.99	10.61
13450.00	369.33	0.01	31.68	10.56
13500.00	370.24	0.01	31.37	10.52
13550.00	371.15	0.01	31.06	10.47
13600.00	372.06	0.01	30.75	10.42
13650.00	372.95	0.01	30.45	10.40
13700.00	373.81	0.01	30.16	10.42
13750.00	374.67	0.01	29.87	10.44
13800.00	375.53	0.01	29.58	10.45
13850.00	376.39	0.01	29.29	10.47
13900.00	377.25	0.00	29.00	10.49
13950.00	378.11	0.00	28.71	10.51
14000.00	378.97	0.00	28.42	10.53
14050.00	379.83	0.00	28.13	10.55
14100.00	380.69	0.00	27.84	10.57
14150.00	381.55	0.00	27.55	10.59
14200.00	382.41	0.00	27.26	10.60
14250.00	383.27	0.00	26.97	10.62
14300.00	384.08	0.00	26.84	10.61
14350.00	384.89	0.00	26.74	10.60
14400.00	385.69	0.00	26.63	10.58
14450.00	386.50	0.00	26.52	10.57
14500.00	387.31	0.00	26.41	10.55
14550.00	388.11	0.00	26.30	10.54
14600.00	388.92	0.00	26.20	10.52
14650.00	389.73	0.00	26.09	10.51
14700.00	390.53	0.00	25.98	10.49
14750.00	391.34	0.00	25.87	10.48
14800.00	392.15	0.00	25.76	10.47
14850.00	392.95	0.00	25.66	10.45
14900.00	393.76	0.00	25.63	10.40
14950.00	394.57	0.00	25.72	10.29
15000.00	395.38	0.00	25.81	10.18
15050.00	396.18	0.00	25.90	10.08
15100.00	396.99	0.00	25.99	9.97
15150.00	397.80	0.00	26.08	9.86
15200.00	398.61	0.00	26.17	9.76
15250.00	399.41	0.00	26.26	9.65
15300.00	400.22	0.00	26.35	9.54
15350.00	401.03	0.00	26.44	9.43
15400.00	401.84	0.00	26.53	9.33
15450.00	402.64	0.00	26.62	9.22
15500.00	403.45	0.00	26.71	9.11
15550.00	404.19	0.00	26.66	8.98
15600.00	404.92	0.00	26.62	8.85
15650.00	405.66	0.00	26.57	8.72
15700.00	406.40	0.00	26.52	8.59
15750.00	407.13	0.00	26.48	8.45
15800.00	407.87	0.00	26.43	8.32
15850.00	408.61	0.00	26.39	8.19
15900.00	409.34	0.00	26.34	8.06
15950.00	410.08	0.00	26.29	7.93
16000.00	410.81	0.00	26.25	7.80
16050.00	411.55	0.00	26.20	7.66
16100.00	412.29	0.00	26.16	7.53
16150.00	413.05	0.00	25.98	7.56
16200.00	413.82	0.00	25.74	7.67
16250.00	414.59	0.00	25.49	7.79
16300.00	415.37	0.00	25.24	7.91
16350.00	416.14	0.00	25.00	8.02
16400.00	416.92	0.00	24.75	8.14
16450.00	417.69	0.00	24.50	8.26
16500.00	418.46	0.00	24.25	8.37
16550.00	419.24	0.00	24.01	8.49
16600.00	420.01	0.00	23.76	8.61
16650.00	420.78	0.00	23.51	8.72
16700.00	421.56	0.00	23.26	8.84
16750.00	422.29	0.00	23.00	8.95
16800.00	422.93	0.00	22.68	9.07
16850.00	423.58	0.00	22.37	9.18
16900.00	424.22	0.00	22.05	9.29
16950.00	424.86	0.00	21.74	9.40
17000.00	425.51	0.00	21.42	9.52
17050.00	426.15	0.00	21.11	9.63
17100.00	426.79	0.00	20.79	9.74
17150.00	427.44	0.00	20.48	9.85
17200.00	428.08	0.00	20.16	9.97
17250.00	428.72	0.00	19.84	10.08
17300.00	429.37	0.00	19.53	10.19
17350.00	430.01	0.00	19.24	10.28
17400.00	430.61	0.00	19.17	10.14
17450.00	431.21	0.00	19.09	10.00
17500.00	431.81	0.00	19.02	9.85
17550.00	432.42	0.00	18.95	9.71
17600.00	433.02	0.00	18.87	9.57
17650.00	433.62	0.00	18.80	9.43
17700.00	434.22	0.00	18.73	9.29
17750.00	434.83	0.00	18.65	9.15
17800.00	435.43	0.00	18.58	9.00
17850.00	436.03	0.00	18.51	8.86
17900.00	436.63	0.00	18.44	8.72
17950.00	437.24	0.00	18.36	8.57
18000.00	438.48	0.00	18.13	7.71
18050.00	439.72	0.00	17.89	6.85
18100.00	440.96	0.00	17.66	5.99
18150.00	442.21	0.00	17.42	5.13
18200.00	443.45	0.00	17.19	4.27
18250.00	444.69	0.00	16.95	3.41
18300.00	445.93	0.00	16.72	2.55
18350.00	447.17	0.00	16.48	1.69
18400.00	448.41	0.00	16.25	0.83
18450.00	449.65	0.00	16.01	-0.03
18500.00	450.90	0.00	15.78	-0.89
18550.00	452.14	0.00	15.55	-1.75
18600.00	453.41	0.00	14.59	-1.90
18650.00	454.69	0.00	13.60	-2.01
18700.00	455.97	0.00	12.61	-2.12
18750.00	457.24	0.00	11.62	-2.23
18800.00	458.52	0.00	10.63	-2.34
18850.00	459.80	0.00	9.64	-2.45
18900.00	461.08	0.00	8.65	-2.56
18950.00	462.35	0.00	7.66	-2.67
19000.00	463.63	0.00	6.67	-2.78
19050.00	464.91	0.00	5.68	-2.89
19100.00	466.19	0.00	4.69	-3.00
19150.00	467.46	0.00	3.70	-3.11
19200.00	468.51	0.00	3.24	-2.87
19250.00	469.51	0.00	2.88	-2.57
19300.00	470.51	0.00	2.53	-2.26
19350.00	471.51	0.00	2.18	-1.95
19400.00	472.51	0.00	1.82	-1.64
19450.00	473.51	0.00	1.47	-1.33
19500.00	474.51	0.00	1.12	-1.02
19550.00	475.51	0.00	0.76	-0.72
19600.00	476.51	0.00	0.41	-0.41
19650.00	477.52	0.00	0.06	-0.10
19700.00	478.52	0.00	-0.30	0.21
19750.00	479.52	0.00	-0.65	0.52
19800.00	480.67	0.00	-0.88	0.64
19850.00	481.89	0.00	-1.05	0.67
19900.00	483.12	0.00	-1.22	0.70
19950.00	484.34	0.00	-1.39	0.73
20000.00	485.56	0.00	-1.56	0.77
20050.00	486.79	0.00	-1.72	0.80
