965.91	304.58	16.35
0.00	304.58	16.35	4.83	4.57
50.00	304.56	16.27	4.96	4.69
100.00	304.52	16.11	5.20	4.91
150.00	304.51	16.04	5.35	5.03
200.00	304.50	15.99	5.50	5.25
250.00	304.50	15.94	5.66	5.44
300.00	304.50	15.90	5.81	5.57
350.00	304.50	15.87	5.95	5.71
400.00	304.50	15.83	6.10	5.87
450.00	304.51	15.79	6.23	6.04
500.00	304.51	15.75	6.36	6.21
550.00	304.52	15.70	6.49	6.40
600.00	304.54	15.63	6.59	6.60
650.00	304.56	15.55	6.66	6.77
700.00	304.58	15.48	6.72	6.95
750.00	304.62	15.36	6.78	7.14
800.00	304.68	15.20	6.81	7.36
850.00	304.73	15.04	6.84	7.58
900.00	304.79	14.88	6.87	7.78
950.00	304.84	14.71	6.90	7.95
1000.00	304.96	14.45	6.95	8.07
1050.00	305.07	14.18	6.99	8.19
1100.00	305.18	13.91	7.01	8.30
1150.00	305.29	13.64	7.03	8.42
1200.00	305.40	13.38	7.05	8.53
1250.00	305.49	13.17	7.11	8.64
1300.00	305.56	13.01	7.17	8.74
1350.00	305.63	12.86	7.24	8.85
1400.00	305.70	12.70	7.31	8.96
1450.00	305.78	12.54	7.36	9.07
1500.00	305.85	12.38	7.39	9.21
1550.00	305.92	12.22	7.44	9.35
1600.00	306.01	12.03	7.53	9.48
1650.00	306.09	11.85	7.63	9.61
1700.00	306.18	11.66	7.73	9.78
1750.00	306.27	11.47	7.83	9.94
1800.00	306.35	11.29	7.94	10.10
1850.00	306.44	11.10	8.05	10.26
1900.00	306.53	10.91	8.16	10.42
1950.00	306.64	10.68	8.34	10.56
2000.00	306.75	10.45	8.55	10.69
2050.00	306.87	10.21	8.75	10.83
2100.00	306.98	9.97	8.95	10.97
2150.00	307.10	9.73	9.16	11.12
2200.00	307.21	9.49	9.40	11.28
2250.00	307.33	9.25	9.62	11.45
2300.00	307.44	9.01	9.84	11.62
2350.00	307.72	8.55	10.18	11.68
2400.00	308.17	7.85	10.62	11.65
2450.00	308.62	7.15	11.08	11.62
2500.00	309.07	6.45	11.54	11.59
2550.00	309.52	5.75	11.98	11.56
2600.00	309.96	5.05	12.44	11.53
2650.00	310.41	4.35	12.89	11.50
2700.00	310.86	3.65	13.35	11.47
2750.00	311.31	2.96	13.80	11.44
2800.00	311.68	2.41	14.17	11.44
2850.00	311.83	2.32	14.27	11.52
2900.00	311.99	2.23	14.38	11.60
2950.00	312.14	2.14	14.50	11.68
3000.00	312.30	2.05	14.59	11.77
3050.00	312.45	1.96	14.69	11.88
3100.00	312.61	1.87	14.79	11.98
3150.00	312.76	1.78	14.89	12.08
3200.00	312.91	1.69	14.99	12.18
3250.00	313.07	1.60	15.10	12.28
3300.00	313.21	1.53	15.17	12.37
3350.00	313.27	1.51	15.13	12.45
3400.00	313.33	1.50	15.08	12.54
3450.00	313.40	1.49	15.04	12.62
3500.00	313.46	1.48	15.00	12.70
3550.00	313.53	1.47	14.95	12.78
3600.00	313.59	1.46	14.91	12.85
3650.00	313.65	1.45	14.88	12.91
3700.00	313.72	1.43	14.84	12.98
3750.00	313.78	1.42	14.79	13.04
3800.00	313.84	1.41	14.75	13.11
3850.00	313.92	1.40	14.79	13.16
3900.00	314.02	1.39	15.03	13.20
3950.00	314.12	1.38	15.27	13.22
4000.00	314.22	1.36	15.52	13.24
4050.00	314.32	1.35	15.76	13.25
4100.00	314.42	1.34	16.01	13.28
4150.00	314.52	1.33	16.25	13.29
4200.00	314.62	1.31	16.50	13.31
4250.00	314.71	1.30	16.75	13.33
4300.00	314.81	1.29	17.00	13.34
4350.00	314.91	1.28	17.25	13.35
4400.00	315.01	1.26	17.51	13.37
4450.00	315.15	1.26	17.89	13.43
4500.00	315.31	1.26	18.38	13.54
4550.00	315.47	1.26	18.88	13.66
4600.00	315.63	1.27	19.36	13.76
4650.00	315.80	1.27	19.83	13.85
4700.00	315.96	1.27	20.30	13.94
4750.00	316.12	1.27	20.77	14.04
4800.00	316.28	1.27	21.24	14.13
4850.00	316.45	1.28	21.71	14.22
4900.00	316.61	1.28	22.18	14.30
4950.00	316.77	1.28	22.65	14.40
5000.00	316.93	1.28	23.11	14.49
5050.00	317.10	1.29	23.58	14.57
5100.00	317.25	1.28	23.95	14.65
5150.00	317.41	1.28	24.30	14.72
5200.00	317.57	1.27	24.65	14.79
5250.00	317.72	1.27	25.00	14.86
5300.00	317.88	1.26	25.35	14.94
5350.00	318.04	1.26	25.71	15.01
5400.00	318.19	1.25	26.09	15.07
5450.00	318.35	1.25	26.46	15.15
5500.00	318.51	1.24	26.84	15.21
5550.00	318.66	1.23	27.21	15.28
5600.00	318.82	1.23	27.59	15.34
5650.00	318.98	1.22	27.96	15.41
5700.00	319.13	1.22	28.35	15.48
5750.00	319.29	1.21	28.69	15.55
5800.00	319.41	1.19	28.80	15.56
5850.00	319.54	1.17	28.90	15.58
5900.00	319.66	1.14	29.00	15.61
5950.00	319.78	1.12	29.10	15.63
6000.00	319.91	1.10	29.19	15.65
6050.00	320.03	1.07	29.29	15.68
6100.00	320.15	1.05	29.39	15.70
6150.00	320.28	1.03	29.50	15.72
6200.00	320.40	1.01	29.59	15.77
6250.00	320.53	0.98	29.70	15.82
6300.00	320.65	0.96	29.81	15.87
6350.00	320.77	0.94	29.91	15.92
6400.00	320.90	0.91	30.01	15.96
6450.00	321.02	0.89	30.12	16.00
6500.00	321.15	0.86	30.13	16.03
6550.00	321.29	0.83	30.12	16.06
6600.00	321.43	0.81	30.11	16.10
6650.00	321.56	0.78	30.11	16.16
6700.00	321.70	0.75	30.10	16.22
6750.00	321.83	0.72	30.10	16.28
6800.00	321.97	0.69	30.09	16.33
6850.00	322.10	0.66	30.09	16.39
6900.00	322.24	0.64	30.08	16.44
6950.00	322.37	0.61	30.08	16.50
7000.00	322.51	0.58	30.07	16.56
7050.00	322.64	0.55	30.06	16.62
7100.00	322.78	0.52	30.03	16.69
7150.00	322.91	0.49	30.01	16.76
7200.00	323.05	0.48	30.02	16.82
7250.00	323.20	0.46	30.05	16.86
7300.00	323.34	0.44	30.07	16.91
7350.00	323.48	0.42	30.10	16.95
7400.00	323.63	0.41	30.12	17.00
7450.00	323.77	0.39	30.15	17.05
7500.00	323.91	0.37	30.16	17.11
7550.00	324.05	0.36	30.17	17.17
7600.00	324.20	0.34	30.18	17.25
7650.00	324.34	0.32	30.19	17.31
7700.00	324.48	0.31	30.19	17.39
7750.00	324.63	0.29	30.20	17.45
7800.00	324.77	0.27	30.20	17.53
7850.00	324.91	0.25	30.21	17.59
7900.00	325.05	0.25	30.31	17.63
7950.00	325.20	0.24	30.42	17.68
8000.00	325.34	0.23	30.51	17.73
8050.00	325.48	0.22	30.60	17.77
8100.00	325.63	0.21	30.70	17.82
8150.00	325.77	0.21	30.79	17.87
8200.00	325.91	0.20	30.89	17.91
8250.00	326.05	0.19	30.99	17.96
8300.00	326.20	0.18	31.08	18.01
8350.00	326.34	0.17	31.18	18.05
8400.00	326.48	0.16	31.28	18.10
8450.00	326.63	0.16	31.37	18.14
8500.00	326.77	0.15	31.47	18.18
8550.00	326.91	0.14	31.59	18.21
8600.00	327.05	0.14	31.75	18.23
8650.00	327.20	0.13	31.91	18.25
8700.00	327.34	0.13	32.07	18.28
8750.00	327.48	0.12	32.23	18.29
8800.00	327.62	0.12	32.38	18.32
8850.00	327.76	0.11	32.54	18.34
8900.00	327.91	0.11	32.70	18.36
8950.00	328.05	0.10	32.85	18.37
9000.00	328.19	0.10	33.00	18.37
9050.00	328.33	0.09	33.15	18.36
9100.00	328.47	0.09	33.30	18.35
9150.00	328.61	0.09	33.45	18.34
9200.00	328.76	0.08	33.60	18.32
9250.00	328.92	0.08	33.75	18.27
9300.00	329.08	0.08	33.91	18.23
9350.00	329.24	0.07	34.06	18.17
9400.00	329.39	0.07	34.21	18.13
9450.00	329.55	0.07	34.36	18.08
9500.00	329.71	0.07	34.50	18.02
9550.00	329.87	0.06	34.65	17.96
9600.00	330.03	0.06	34.79	17.89
9650.00	330.19	0.06	34.93	17.83
9700.00	330.35	0.06	35.07	17.76
9750.00	330.50	0.05	35.21	17.70
9800.00	330.66	0.05	35.36	17.65
9850.00	330.83	0.05	35.49	17.58
9900.00	331.04	0.05	35.60	17.50
9950.00	331.25	0.05	35.71	17.42
10000.00	331.46	0.04	35.81	17.33
10050.00	331.67	0.04	35.90	17.24
10100.00	331.88	0.04	35.98	17.15
10150.00	332.09	0.04	36.07	17.06
10200.00	332.30	0.04	36.15	16.97
10250.00	332.50	0.04	36.24	16.88
10300.00	332.71	0.04	36.33	16.78
10350.00	332.92	0.03	36.41	16.69
10400.00	333.13	0.03	36.50	16.60
10450.00	333.34	0.03	36.58	16.50
10500.00	333.58	0.03	36.67	16.43
10550.00	333.86	0.03	36.77	16.37
10600.00	334.14	0.03	36.87	16.32
10650.00	334.42	0.03	36.96	16.26
10700.00	334.70	0.03	37.06	16.20
10750.00	334.98	0.03	37.16	16.14
10800.00	335.26	0.03	37.26	16.09
10850.00	335.54	0.02	37.36	16.03
10900.00	335.82	0.02	37.46	15.97
10950.00	336.10	0.02	37.55	15.92
11000.00	336.38	0.02	37.65	15.86
11050.00	336.66	0.02	37.75	15.80
11100.00	336.95	0.02	37.85	15.74
11150.00	337.30	0.02	37.96	15.72
11200.00	337.69	0.02	38.06	15.69
11250.00	338.09	0.02	38.16	15.68
11300.00	338.48	0.02	38.26	15.66
11350.00	338.87	0.02	38.36	15.64
11400.00	339.26	0.02	38.46	15.62
11450.00	339.66	0.02	38.57	15.61
11500.00	340.05	0.02	38.67	15.58
11550.00	340.44	0.02	38.77	15.56
11600.00	340.84	0.02	38.87	15.55
11650.00	341.23	0.02	38.98	15.52
11700.00	341.62	0.02	39.09	15.50
11750.00	342.05	0.02	39.18	15.46
11800.00	342.73	0.02	39.17	15.37
11850.00	343.41	0.02	39.15	15.27
11900.00	344.09	0.01	39.13	15.17
11950.00	344.77	0.01	39.12	15.08
12000.00	345.45	0.01	39.09	14.99
12050.00	346.13	0.01	39.08	14.90
12100.00	346.81	0.01	39.06	14.80
12150.00	347.49	0.01	39.05	14.70
12200.00	348.18	0.01	39.03	14.61
12250.00	348.86	0.01	39.03	14.51
12300.00	349.54	0.01	39.03	14.41
12350.00	350.22	0.01	39.03	14.29
12400.00	351.09	0.01	38.84	14.14
12450.00	352.05	0.01	38.56	13.98
12500.00	353.01	0.01	38.27	13.81
12550.00	353.97	0.01	37.99	13.65
12600.00	354.93	0.01	37.71	13.49
12650.00	355.89	0.01	37.42	13.33
12700.00	356.85	0.01	37.15	13.16
12750.00	357.81	0.01	36.87	13.00
12800.00	358.77	0.01	36.58	12.84
12850.00	359.73	0.01	36.30	12.68
12900.00	360.69	0.01	36.03	12.53
12950.00	361.65	0.01	35.75	12.37
13000.00	362.62	0.01	35.42	12.26
13050.00	363.61	0.01	34.88	12.28
13100.00	364.61	0.01	34.35	12.30
13150.00	365.61	0.01	33.82	12.32
13200.00	366.60	0.01	33.29	12.33
13250.00	367.60	0.01	32.76	12.35
13300.00	368.59	0.01	32.22	12.37
13350.00	369.59	0.01	31.69	12.39
13400.00	370.58	0.01	31.16	12.41
13450.00	371.58	0.01	30.63	12.42
13500.00	372.57	0.01	30.10	12.44
13550.00	373.57	0.01	29.56	12.46
13600.00	374.56	0.01	29.03	12.46
13650.00	375.40	0.01	28.67	12.52
13700.00	376.18	0.00	28.38	12.58
13750.00	376.96	0.00	28.08	12.66
13800.00	377.74	0.00	27.78	12.73
13850.00	378.53	0.00	27.49	12.79
13900.00	379.31	0.00	27.20	12.86
13950.00	380.09	0.00	26.90	12.93
14000.00	380.87	0.00	26.60	13.00
14050.00	381.65	0.00	26.31	13.07
14100.00	382.43	0.00	26.01	13.14
14150.00	383.21	0.00	25.71	13.22
14200.00	383.99	0.00	25.41	13.30
14250.00	384.78	0.00	25.19	13.35
14300.00	385.57	0.00	25.17	13.24
14350.00	386.36	0.00	25.16	13.13
14400.00	387.15	0.00	25.15	13.02
14450.00	387.94	0.00	25.13	12.92
14500.00	388.73	0.00	25.12	12.80
14550.00	389.52	0.00	25.11	12.69
14600.00	390.32	0.00	25.09	12.58
14650.00	391.11	0.00	25.08	12.47
14700.00	391.90	0.00	25.08	12.36
14750.00	392.69	0.00	25.06	12.25
14800.00	393.48	0.00	25.06	12.14
14850.00	394.27	0.00	25.06	12.03
14900.00	395.14	0.00	25.02	11.87
14950.00	396.05	0.00	24.97	11.70
15000.00	396.95	0.00	24.93	11.52
15050.00	397.86	0.00	24.87	11.35
15100.00	398.76	0.00	24.82	11.17
15150.00	399.66	0.00	24.77	11.00
15200.00	400.57	0.00	24.72	10.82
15250.00	401.47	0.00	24.67	10.65
15300.00	402.38	0.00	24.62	10.47
15350.00	403.28	0.00	24.57	10.31
15400.00	404.19	0.00	24.52	10.13
15450.00	405.09	0.00	24.47	9.97
15500.00	405.98	0.00	24.39	9.81
15550.00	406.84	0.00	24.22	9.69
15600.00	407.69	0.00	24.06	9.58
15650.00	408.55	0.00	23.90	9.46
15700.00	409.40	0.00	23.75	9.34
15750.00	410.26	0.00	23.59	9.23
15800.00	411.11	0.00	23.43	9.12
15850.00	411.97	0.00	23.27	8.99
15900.00	412.82	0.00	23.11	8.88
15950.00	413.68	0.00	22.95	8.77
16000.00	414.53	0.00	22.80	8.66
16050.00	415.39	0.00	22.64	8.53
16100.00	416.24	0.00	22.45	8.42
16150.00	416.88	0.00	22.22	8.36
16200.00	417.45	0.00	21.97	8.32
16250.00	418.01	0.00	21.71	8.28
16300.00	418.58	0.00	21.45	8.24
16350.00	419.14	0.00	21.20	8.20
16400.00	419.71	0.00	20.95	8.16
16450.00	420.27	0.00	20.69	8.12
16500.00	420.84	0.00	20.43	8.08
16550.00	421.41	0.00	20.18	8.05
16600.00	421.97	0.00	19.93	8.00
16650.00	422.54	0.00	19.67	7.96
16700.00	423.10	0.00	19.41	7.93
16750.00	423.62	0.00	19.23	7.89
16800.00	424.04	0.00	19.16	7.87
16850.00	424.46	0.00	19.10	7.87
16900.00	424.88	0.00	19.04	7.85
16950.00	425.30	0.00	18.97	7.84
17000.00	425.73	0.00	18.91	7.82
17050.00	426.15	0.00	18.84	7.81
17100.00	426.57	0.00	18.77	7.79
17150.00	426.99	0.00	18.72	7.78
17200.00	427.41	0.00	18.65	7.77
17250.00	427.83	0.00	18.58	7.76
17300.00	428.26	0.00	18.52	7.75
17350.00	428.75	0.00	18.47	7.69
17400.00	429.64	0.00	18.54	7.41
17450.00	430.53	0.00	18.59	7.12
17500.00	431.42	0.00	18.64	6.85
17550.00	432.31	0.00	18.70	6.56
17600.00	433.20	0.00	18.75	6.29
17650.00	434.09	0.00	18.80	6.01
17700.00	434.98	0.00	18.86	5.74
17750.00	435.87	0.00	18.90	5.45
17800.00	436.76	0.00	18.96	5.18
17850.00	437.65	0.00	19.02	4.91
17900.00	438.54	0.00	19.06	4.62
17950.00	439.45	0.00	19.10	4.33
18000.00	440.79	0.00	18.68	3.74
18050.00	442.13	0.00	18.26	3.14
18100.00	443.47	0.00	17.84	2.54
18150.00	444.81	0.00	17.42	1.95
18200.00	446.15	0.00	17.00	1.36
18250.00	447.50	0.00	16.57	0.76
18300.00	448.84	0.00	16.15	0.18
18350.00	450.18	0.00	15.72	-0.41
18400.00	451.52	0.00	15.30	-0.99
18450.00	452.86	0.00	14.87	-1.59
18500.00	454.20	0.00	14.44	-2.18
18550.00	455.54	0.00	14.01	-2.76
18600.00	456.39	0.00	13.25	-2.74
18650.00	457.18	0.00	12.46	-2.66
18700.00	457.98	0.00	11.67	-2.56
18750.00	458.77	0.00	10.87	-2.48
18800.00	459.57	0.00	10.08	-2.40
18850.00	460.36	0.00	9.29	-2.31
18900.00	461.16	0.00	8.49	-2.22
18950.00	461.96	0.00	7.70	-2.13
19000.00	462.75	0.00	6.92	-2.04
19050.00	463.55	0.00	6.13	-1.94
19100.00	464.34	0.00	5.34	-1.84
19150.00	465.14	0.00	4.56	-1.75
19200.00	466.21	0.00	4.19	-1.40
19250.00	467.37	0.00	3.96	-0.99
19300.00	468.52	0.00	3.73	-0.57
19350.00	469.68	0.00	3.50	-0.16
19400.00	470.84	0.00	3.27	0.26
19450.00	471.99	0.00	3.03	0.67
19500.00	473.15	0.00	2.80	1.09
19550.00	474.31	0.00	2.57	1.51
19600.00	475.46	0.00	2.34	1.92
19650.00	476.62	0.00	2.11	2.34
19700.00	477.78	0.00	1.89	2.74
19750.00	478.93	0.00	1.68	3.15
19800.00	480.23	0.00	1.54	3.30
19850.00	481.60	0.00	1.45	3.33
19900.00	482.97	0.00	1.36	3.35
19950.00	484.33	0.00	1.27	3.38
20000.00	485.70	0.00	1.18	3.41
20050.00	487.07	0.00	1.09	3.44
