965.91	304.58	16.35
0.00	304.58	16.35	6.99	4.70
50.00	304.56	16.27	7.14	4.82
100.00	304.52	16.11	7.47	5.09
150.00	304.51	16.04	7.71	5.34
200.00	304.50	15.99	7.97	5.59
250.00	304.50	15.94	8.22	5.83
300.00	304.50	15.90	8.46	6.08
350.00	304.50	15.87	8.68	6.34
400.00	304.50	15.83	8.89	6.53
450.00	304.51	15.79	9.09	6.75
500.00	304.51	15.75	9.24	6.91
550.00	304.52	15.70	9.40	7.07
600.00	304.54	15.63	9.50	7.28
650.00	304.56	15.55	9.56	7.51
700.00	304.58	15.48	9.61	7.74
750.00	304.62	15.36	9.60	7.99
800.00	304.68	15.20	9.53	8.26
850.00	304.73	15.04	9.45	8.54
900.00	304.79	14.88	9.36	8.78
950.00	304.84	14.71	9.21	8.98
1000.00	304.96	14.45	9.08	9.13
1050.00	305.07	14.18	8.94	9.28
1100.00	305.18	13.91	8.78	9.38
1150.00	305.29	13.64	8.62	9.48
1200.00	305.40	13.38	8.46	9.58
1250.00	305.49	13.17	8.35	9.67
1300.00	305.56	13.01	8.27	9.75
1350.00	305.63	12.86	8.19	9.83
1400.00	305.70	12.70	8.12	9.91
1450.00	305.78	12.54	8.06	9.99
1500.00	305.85	12.38	8.07	10.08
1550.00	305.92	12.22	8.08	10.17
1600.00	306.01	12.03	8.15	10.24
1650.00	306.09	11.85	8.22	10.33
1700.00	306.18	11.66	8.32	10.46
1750.00	306.27	11.47	8.41	10.60
1800.00	306.35	11.29	8.51	10.74
1850.00	306.44	11.10	8.61	10.87
1900.00	306.53	10.91	8.73	11.02
1950.00	306.64	10.68	8.96	11.18
2000.00	306.75	10.45	9.22	11.33
2050.00	306.87	10.21	9.47	11.49
2100.00	306.98	9.97	9.72	11.65
2150.00	307.10	9.73	9.95	11.79
2200.00	307.21	9.49	10.17	11.91
2250.00	307.33	9.25	10.38	12.03
2300.00	307.44	9.01	10.60	12.16
2350.00	307.72	8.55	10.92	12.19
2400.00	308.17	7.85	11.35	12.12
2450.00	308.62	7.15	11.81	12.08
2500.00	309.07	6.45	12.27	12.04
2550.00	309.52	5.75	12.71	12.00
2600.00	309.96	5.05	13.17	11.96
2650.00	310.41	4.35	13.62	11.92
2700.00	310.86	3.65	14.05	11.87
2750.00	311.31	2.96	14.47	11.82
2800.00	311.68	2.41	14.82	11.80
2850.00	311.83	2.32	14.90	11.86
2900.00	311.99	2.23	14.98	11.92
2950.00	312.14	2.14	15.08	11.98
3000.00	312.30	2.05	15.17	12.02
3050.00	312.45	1.96	15.26	12.07
3100.00	312.61	1.87	15.34	12.12
3150.00	312.76	1.78	15.43	12.16
3200.00	312.91	1.69	15.52	12.21
3250.00	313.07	1.60	15.62	12.26
3300.00	313.21	1.53	15.67	12.28
3350.00	313.27	1.51	15.60	12.29
3400.00	313.33	1.50	15.53	12.30
3450.00	313.40	1.49	15.47	12.31
3500.00	313.46	1.48	15.40	12.32
3550.00	313.53	1.47	15.33	12.33
3600.00	313.59	1.46	15.25	12.33
3650.00	313.65	1.45	15.18	12.33
3700.00	313.72	1.43	15.10	12.33
3750.00	313.78	1.42	15.01	12.32
3800.00	313.84	1.41	14.93	12.32
3850.00	313.92	1.40	14.93	12.31
3900.00	314.02	1.39	15.12	12.28
3950.00	314.12	1.38	15.29	12.24
4000.00	314.22	1.36	15.47	12.20
4050.00	314.32	1.35	15.64	12.16
4100.00	314.42	1.34	15.82	12.13
4150.00	314.52	1.33	15.99	12.09
4200.00	314.62	1.31	16.17	12.05
4250.00	314.71	1.30	16.36	12.02
4300.00	314.81	1.29	16.57	11.98
4350.00	314.91	1.28	16.79	11.94
4400.00	315.01	1.26	17.00	11.90
4450.00	315.15	1.26	17.34	11.91
4500.00	315.31	1.26	17.79	11.97
4550.00	315.47	1.26	18.24	12.04
4600.00	315.63	1.27	18.71	12.10
4650.00	315.80	1.27	19.19	12.18
4700.00	315.96	1.27	19.67	12.25
4750.00	316.12	1.27	20.16	12.33
4800.00	316.28	1.27	20.64	12.40
4850.00	316.45	1.28	21.12	12.47
4900.00	316.61	1.28	21.60	12.55
4950.00	316.77	1.28	22.08	12.63
5000.00	316.93	1.28	22.57	12.71
5050.00	317.10	1.29	23.05	12.80
5100.00	317.25	1.28	23.44	12.87
5150.00	317.41	1.28	23.81	12.94
5200.00	317.57	1.27	24.17	13.02
5250.00	317.72	1.27	24.55	13.08
5300.00	317.88	1.26	24.91	13.16
5350.00	318.04	1.26	25.28	13.24
5400.00	318.19	1.25	25.64	13.36
5450.00	318.35	1.25	25.99	13.49
5500.00	318.51	1.24	26.35	13.61
5550.00	318.66	1.23	26.69	13.74
5600.00	318.82	1.23	27.05	13.86
5650.00	318.98	1.22	27.40	13.99
5700.00	319.13	1.22	27.76	14.11
5750.00	319.29	1.21	28.09	14.24
5800.00	319.41	1.19	28.18	14.32
5850.00	319.54	1.17	28.27	14.42
5900.00	319.66	1.14	28.36	14.51
5950.00	319.78	1.12	28.45	14.60
6000.00	319.91	1.10	28.54	14.69
6050.00	320.03	1.07	28.63	14.79
6100.00	320.15	1.05	28.72	14.88
6150.00	320.28	1.03	28.81	14.97
6200.00	320.40	1.01	28.87	15.05
6250.00	320.53	0.98	28.95	15.13
6300.00	320.65	0.96	29.02	15.21
6350.00	320.77	0.94	29.09	15.29
6400.00	320.90	0.91	29.16	15.36
6450.00	321.02	0.89	29.23	15.44
6500.00	321.15	0.86	29.20	15.49
6550.00	321.29	0.83	29.17	15.55
6600.00	321.43	0.81	29.11	15.62
6650.00	321.56	0.78	29.05	15.69
6700.00	321.70	0.75	28.97	15.76
6750.00	321.83	0.72	28.91	15.83
6800.00	321.97	0.69	28.83	15.89
6850.00	322.10	0.66	28.77	15.96
6900.00	322.24	0.64	28.69	16.03
6950.00	322.37	0.61	28.63	16.10
7000.00	322.51	0.58	28.55	16.17
7050.00	322.64	0.55	28.48	16.22
7100.00	322.78	0.52	28.39	16.28
7150.00	322.91	0.49	28.31	16.34
7200.00	323.05	0.48	28.26	16.39
7250.00	323.20	0.46	28.23	16.42
7300.00	323.34	0.44	28.19	16.46
7350.00	323.48	0.42	28.16	16.49
7400.00	323.63	0.41	28.12	16.53
7450.00	323.77	0.39	28.09	16.56
7500.00	323.91	0.37	28.05	16.60
7550.00	324.05	0.36	28.01	16.65
7600.00	324.20	0.34	27.96	16.70
7650.00	324.34	0.32	27.93	16.75
7700.00	324.48	0.31	27.88	16.80
7750.00	324.63	0.29	27.84	16.85
7800.00	324.77	0.27	27.80	16.90
7850.00	324.91	0.25	27.76	16.94
7900.00	325.05	0.25	27.81	16.97
7950.00	325.20	0.24	27.86	16.99
8000.00	325.34	0.23	27.92	16.99
8050.00	325.48	0.22	27.98	16.99
8100.00	325.63	0.21	28.04	16.99
8150.00	325.77	0.21	28.09	16.98
8200.00	325.91	0.20	28.15	16.98
8250.00	326.05	0.19	28.21	16.98
8300.00	326.20	0.18	28.27	16.98
8350.00	326.34	0.17	28.33	16.97
8400.00	326.48	0.16	28.39	16.97
8450.00	326.63	0.16	28.44	16.97
8500.00	326.77	0.15	28.51	16.95
8550.00	326.91	0.14	28.61	16.92
8600.00	327.05	0.14	28.74	16.90
8650.00	327.20	0.13	28.86	16.86
8700.00	327.34	0.13	28.99	16.84
8750.00	327.48	0.12	29.12	16.80
8800.00	327.62	0.12	29.25	16.78
8850.00	327.76	0.11	29.37	16.74
8900.00	327.91	0.11	29.50	16.71
8950.00	328.05	0.10	29.63	16.68
9000.00	328.19	0.10	29.79	16.65
9050.00	328.33	0.09	29.94	16.61
9100.00	328.47	0.09	30.10	16.58
9150.00	328.61	0.09	30.25	16.54
9200.00	328.76	0.08	30.40	16.50
9250.00	328.92	0.08	30.56	16.42
9300.00	329.08	0.08	30.72	16.35
9350.00	329.24	0.07	30.88	16.26
9400.00	329.39	0.07	31.03	16.19
9450.00	329.55	0.07	31.19	16.11
9500.00	329.71	0.07	31.36	16.03
9550.00	329.87	0.06	31.54	15.94
9600.00	330.03	0.06	31.72	15.85
9650.00	330.19	0.06	31.90	15.76
9700.00	330.35	0.06	32.08	15.66
9750.00	330.50	0.05	32.26	15.58
9800.00	330.66	0.05	32.44	15.49
9850.00	330.83	0.05	32.60	15.40
9900.00	331.04	0.05	32.75	15.29
9950.00	331.25	0.05	32.90	15.18
10000.00	331.46	0.04	33.04	15.07
10050.00	331.67	0.04	33.20	14.95
10100.00	331.88	0.04	33.34	14.83
10150.00	332.09	0.04	33.50	14.72
10200.00	332.30	0.04	33.64	14.59
10250.00	332.50	0.04	33.79	14.47
10300.00	332.71	0.04	33.95	14.35
10350.00	332.92	0.03	34.09	14.23
10400.00	333.13	0.03	34.25	14.11
10450.00	333.34	0.03	34.39	13.98
10500.00	333.58	0.03	34.54	13.88
10550.00	333.86	0.03	34.71	13.80
10600.00	334.14	0.03	34.86	13.74
10650.00	334.42	0.03	35.01	13.67
10700.00	334.70	0.03	35.17	13.59
10750.00	334.98	0.03	35.32	13.52
10800.00	335.26	0.03	35.48	13.46
10850.00	335.54	0.02	35.63	13.38
10900.00	335.82	0.02	35.78	13.31
10950.00	336.10	0.02	35.93	13.25
11000.00	336.38	0.02	36.08	13.17
11050.00	336.66	0.02	36.24	13.10
11100.00	336.95	0.02	36.39	13.03
11150.00	337.30	0.02	36.53	13.00
11200.00	337.69	0.02	36.67	12.96
11250.00	338.09	0.02	36.80	12.94
11300.00	338.48	0.02	36.93	12.92
11350.00	338.87	0.02	37.06	12.89
11400.00	339.26	0.02	37.20	12.87
11450.00	339.66	0.02	37.33	12.85
11500.00	340.05	0.02	37.46	12.82
11550.00	340.44	0.02	37.60	12.79
11600.00	340.84	0.02	37.73	12.77
11650.00	341.23	0.02	37.87	12.74
11700.00	341.62	0.02	38.02	12.72
11750.00	342.05	0.02	38.15	12.70
11800.00	342.73	0.02	38.17	12.61
11850.00	343.41	0.02	38.19	12.52
11900.00	344.09	0.01	38.21	12.44
11950.00	344.77	0.01	38.24	12.35
12000.00	345.45	0.01	38.26	12.27
12050.00	346.13	0.01	38.28	12.19
12100.00	346.81	0.01	38.30	12.10
12150.00	347.49	0.01	38.33	12.01
12200.00	348.18	0.01	38.35	11.92
12250.00	348.86	0.01	38.37	11.84
12300.00	349.54	0.01	38.38	11.76
12350.00	350.22	0.01	38.38	11.67
12400.00	351.09	0.01	38.19	11.54
12450.00	352.05	0.01	37.91	11.40
12500.00	353.01	0.01	37.63	11.26
12550.00	353.97	0.01	37.35	11.12
12600.00	354.93	0.01	37.07	10.98
12650.00	355.89	0.01	36.78	10.84
12700.00	356.85	0.01	36.50	10.70
12750.00	357.81	0.01	36.23	10.56
12800.00	358.77	0.01	35.94	10.42
12850.00	359.73	0.01	35.66	10.28
12900.00	360.69	0.01	35.36	10.12
12950.00	361.65	0.01	35.05	9.97
13000.00	362.62	0.01	34.68	9.86
13050.00	363.61	0.01	34.11	9.88
13100.00	364.61	0.01	33.55	9.89
13150.00	365.61	0.01	32.99	9.91
13200.00	366.60	0.01	32.43	9.93
13250.00	367.60	0.01	31.87	9.95
13300.00	368.59	0.01	31.30	9.96
13350.00	369.59	0.01	30.74	9.98
13400.00	370.58	0.01	30.18	10.00
13450.00	371.58	0.01	29.62	10.02
13500.00	372.57	0.01	29.05	10.04
13550.00	373.57	0.01	28.47	10.07
13600.00	374.56	0.01	27.91	10.08
13650.00	375.40	0.01	27.51	10.15
13700.00	376.18	0.00	27.18	10.22
13750.00	376.96	0.00	26.84	10.30
13800.00	377.74	0.00	26.51	10.38
13850.00	378.53	0.00	26.17	10.45
13900.00	379.31	0.00	25.84	10.53
13950.00	380.09	0.00	25.50	10.60
14000.00	380.87	0.00	25.17	10.69
14050.00	381.65	0.00	24.84	10.76
14100.00	382.43	0.00	24.50	10.84
14150.00	383.21	0.00	24.16	10.93
14200.00	383.99	0.00	23.81	11.01
14250.00	384.78	0.00	23.54	11.06
14300.00	385.57	0.00	23.47	10.95
14350.00	386.36	0.00	23.42	10.85
14400.00	387.15	0.00	23.36	10.74
14450.00	387.94	0.00	23.30	10.64
14500.00	388.73	0.00	23.25	10.52
14550.00	389.52	0.00	23.19	10.42
14600.00	390.32	0.00	23.13	10.31
14650.00	391.11	0.00	23.07	10.21
14700.00	391.90	0.00	23.02	10.09
14750.00	392.69	0.00	22.97	9.99
14800.00	393.48	0.00	22.94	9.89
14850.00	394.27	0.00	22.92	9.79
14900.00	395.14	0.00	22.85	9.64
14950.00	396.05	0.00	22.77	9.48
15000.00	396.95	0.00	22.71	9.31
15050.00	397.86	0.00	22.63	9.15
15100.00	398.76	0.00	22.55	8.98
15150.00	399.66	0.00	22.48	8.82
15200.00	400.57	0.00	22.40	8.65
15250.00	401.47	0.00	22.32	8.48
15300.00	402.38	0.00	22.25	8.31
15350.00	403.28	0.00	22.17	8.15
15400.00	404.19	0.00	22.10	7.99
15450.00	405.09	0.00	22.01	7.83
15500.00	405.98	0.00	21.90	7.69
15550.00	406.84	0.00	21.70	7.57
15600.00	407.69	0.00	21.51	7.47
15650.00	408.55	0.00	21.32	7.37
15700.00	409.40	0.00	21.13	7.25
15750.00	410.26	0.00	20.94	7.15
15800.00	411.11	0.00	20.75	7.05
15850.00	411.97	0.00	20.56	6.93
15900.00	412.82	0.00	20.37	6.83
15950.00	413.68	0.00	20.18	6.72
16000.00	414.53	0.00	19.99	6.62
16050.00	415.39	0.00	19.80	6.51
16100.00	416.24	0.00	19.62	6.41
16150.00	416.88	0.00	19.40	6.37
16200.00	417.45	0.00	19.15	6.35
16250.00	418.01	0.00	18.90	6.33
16300.00	418.58	0.00	18.64	6.31
16350.00	419.14	0.00	18.40	6.28
16400.00	419.71	0.00	18.15	6.26
16450.00	420.27	0.00	17.90	6.24
16500.00	420.84	0.00	17.65	6.22
16550.00	421.41	0.00	17.40	6.20
16600.00	421.97	0.00	17.15	6.18
16650.00	422.54	0.00	16.90	6.15
16700.00	423.10	0.00	16.65	6.14
16750.00	423.62	0.00	16.48	6.13
16800.00	424.04	0.00	16.45	6.13
16850.00	424.46	0.00	16.43	6.15
16900.00	424.88	0.00	16.39	6.15
16950.00	425.30	0.00	16.36	6.17
17000.00	425.73	0.00	16.34	6.17
17050.00	426.15	0.00	16.31	6.19
17100.00	426.57	0.00	16.27	6.19
17150.00	426.99	0.00	16.25	6.21
17200.00	427.41	0.00	16.22	6.22
17250.00	427.83	0.00	16.19	6.23
17300.00	428.26	0.00	16.17	6.25
17350.00	428.75	0.00	16.15	6.21
17400.00	429.64	0.00	16.25	5.96
17450.00	430.53	0.00	16.34	5.70
17500.00	431.42	0.00	16.45	5.45
17550.00	432.31	0.00	16.56	5.20
17600.00	433.20	0.00	16.66	4.96
17650.00	434.09	0.00	16.78	4.71
17700.00	434.98	0.00	16.89	4.46
17750.00	435.87	0.00	16.99	4.21
17800.00	436.76	0.00	17.10	3.97
17850.00	437.65	0.00	17.21	3.73
17900.00	438.54	0.00	17.31	3.48
17950.00	439.45	0.00	17.40	3.21
18000.00	440.79	0.00	17.04	2.65
18050.00	442.13	0.00	16.67	2.09
18100.00	443.47	0.00	16.31	1.52
18150.00	444.81	0.00	15.94	0.96
18200.00	446.15	0.00	15.58	0.41
18250.00	447.50	0.00	15.21	-0.15
18300.00	448.84	0.00	14.85	-0.70
18350.00	450.18	0.00	14.48	-1.25
18400.00	451.52	0.00	14.12	-1.80
18450.00	452.86	0.00	13.75	-2.36
18500.00	454.20	0.00	13.39	-2.90
18550.00	455.54	0.00	13.01	-3.45
18600.00	456.39	0.00	12.31	-3.39
18650.00	457.18	0.00	11.58	-3.27
18700.00	457.98	0.00	10.85	-3.14
18750.00	458.77	0.00	10.11	-3.02
18800.00	459.57	0.00	9.38	-2.89
18850.00	460.36	0.00	8.65	-2.77
18900.00	461.16	0.00	7.90	-2.64
18950.00	461.96	0.00	7.17	-2.50
19000.00	462.75	0.00	6.43	-2.36
19050.00	463.55	0.00	5.69	-2.22
19100.00	464.34	0.00	4.95	-2.08
19150.00	465.14	0.00	4.22	-1.94
19200.00	466.21	0.00	3.90	-1.55
19250.00	467.37	0.00	3.71	-1.09
19300.00	468.52	0.00	3.54	-0.62
19350.00	469.68	0.00	3.35	-0.17
19400.00	470.84	0.00	3.17	0.30
19450.00	471.99	0.00	2.98	0.76
19500.00	473.15	0.00	2.79	1.22
19550.00	474.31	0.00	2.62	1.69
19600.00	475.46	0.00	2.43	2.15
19650.00	476.62	0.00	2.23	2.59
19700.00	477.78	0.00	2.01	2.99
19750.00	478.93	0.00	1.80	3.40
19800.00	480.23	0.00	1.66	3.55
19850.00	481.60	0.00	1.57	3.58
19900.00	482.97	0.00	1.48	3.60
19950.00	484.33	0.00	1.39	3.63
20000.00	485.70	0.00	1.30	3.66
20050.00	487.07	0.00	1.21	3.69
