955.35	305.84	15.98
0.00	305.84	15.98	0.99	7.94
50.00	305.81	15.85	1.86	8.36
100.00	305.75	15.63	3.36	9.09
150.00	305.73	15.52	4.20	9.23
200.00	305.72	15.45	4.70	9.20
250.00	305.71	15.38	5.11	9.14
300.00	305.71	15.33	5.35	9.16
350.00	305.71	15.28	5.57	9.18
400.00	305.71	15.24	5.71	9.24
450.00	305.71	15.19	5.82	9.28
500.00	305.71	15.15	5.90	9.38
550.00	305.71	15.10	5.97	9.48
600.00	305.72	15.05	6.05	9.56
650.00	305.73	14.99	6.14	9.65
700.00	305.74	14.94	6.21	9.73
750.00	305.76	14.82	6.39	9.92
800.00	305.80	14.65	6.64	10.18
850.00	305.84	14.49	6.89	10.46
900.00	305.89	14.32	7.14	10.72
950.00	305.93	14.14	7.39	10.97
1000.00	306.04	13.83	7.78	11.25
1050.00	306.14	13.53	8.17	11.54
1100.00	306.25	13.22	8.64	11.83
1150.00	306.36	12.91	9.11	12.12
1200.00	306.46	12.60	9.58	12.40
1250.00	306.57	12.35	9.95	12.61
1300.00	306.66	12.13	10.26	12.77
1350.00	306.76	11.91	10.58	12.91
1400.00	306.86	11.69	10.88	13.06
1450.00	306.96	11.47	11.19	13.21
1500.00	307.06	11.25	11.50	13.36
1550.00	307.16	11.03	11.82	13.51
1600.00	307.29	10.78	12.17	13.66
1650.00	307.43	10.53	12.53	13.82
1700.00	307.56	10.29	12.91	13.93
1750.00	307.69	10.04	13.28	14.03
1800.00	307.82	9.79	13.65	14.14
1850.00	307.95	9.55	14.01	14.26
1900.00	308.08	9.30	14.38	14.35
1950.00	308.34	8.85	14.69	14.41
2000.00	308.60	8.41	15.01	14.48
2050.00	308.85	7.96	15.33	14.54
2100.00	309.11	7.52	15.65	14.61
2150.00	309.37	7.07	15.97	14.63
2200.00	309.63	6.63	16.29	14.63
2250.00	309.89	6.18	16.61	14.62
2300.00	310.15	5.74	16.93	14.61
2350.00	310.39	5.38	17.20	14.53
2400.00	310.64	5.05	17.46	14.42
2450.00	310.88	4.72	17.76	14.32
2500.00	311.12	4.39	18.06	14.23
2550.00	311.36	4.06	18.35	14.14
2600.00	311.61	3.73	18.65	14.04
2650.00	311.85	3.40	18.95	13.95
2700.00	312.09	3.07	19.18	13.90
2750.00	312.34	2.74	19.40	13.83
2800.00	312.52	2.56	19.53	13.70
2850.00	312.66	2.46	19.59	13.51
2900.00	312.81	2.37	19.65	13.34
2950.00	312.95	2.28	19.70	13.16
3000.00	313.10	2.19	19.76	12.99
3050.00	313.24	2.10	19.82	12.82
3100.00	313.39	2.00	19.88	12.65
3150.00	313.53	1.91	19.93	12.49
3200.00	313.67	1.82	19.99	12.32
3250.00	313.82	1.73	20.05	12.15
3300.00	313.93	1.69	20.07	12.01
3350.00	314.03	1.67	20.07	11.85
3400.00	314.13	1.66	20.08	11.69
3450.00	314.23	1.65	20.08	11.53
3500.00	314.33	1.63	20.09	11.37
3550.00	314.42	1.62	20.10	11.21
3600.00	314.52	1.61	20.11	11.09
3650.00	314.62	1.59	20.12	10.97
3700.00	314.72	1.58	20.14	10.85
3750.00	314.82	1.57	20.15	10.75
3800.00	314.91	1.56	20.17	10.63
3850.00	315.02	1.55	20.29	10.54
3900.00	315.14	1.54	20.43	10.47
3950.00	315.25	1.54	20.59	10.41
4000.00	315.36	1.54	20.73	10.34
4050.00	315.47	1.53	20.88	10.27
4100.00	315.58	1.53	21.02	10.21
4150.00	315.70	1.52	21.17	10.14
4200.00	315.81	1.52	21.32	10.07
4250.00	315.92	1.51	21.45	10.03
4300.00	316.03	1.51	21.59	9.99
4350.00	316.14	1.50	21.72	9.96
4400.00	316.26	1.50	21.88	9.94
4450.00	316.39	1.49	22.12	9.99
4500.00	316.52	1.49	22.36	10.02
4550.00	316.65	1.49	22.61	10.06
4600.00	316.79	1.48	22.85	10.12
4650.00	316.92	1.48	23.09	10.19
4700.00	317.05	1.47	23.34	10.26
4750.00	317.18	1.47	23.58	10.31
4800.00	317.31	1.47	23.82	10.38
4850.00	317.45	1.46	24.08	10.45
4900.00	317.58	1.46	24.32	10.52
4950.00	317.71	1.45	24.56	10.59
5000.00	317.84	1.45	24.80	10.67
5050.00	317.96	1.44	25.01	10.78
5100.00	318.08	1.42	25.20	10.92
5150.00	318.20	1.40	25.39	11.05
5200.00	318.32	1.39	25.58	11.19
5250.00	318.44	1.37	25.76	11.32
5300.00	318.56	1.35	25.96	11.46
5350.00	318.68	1.34	26.14	11.59
5400.00	318.79	1.32	26.30	11.70
5450.00	318.91	1.30	26.47	11.82
5500.00	319.03	1.29	26.64	11.93
5550.00	319.15	1.27	26.81	12.05
5600.00	319.27	1.25	26.97	12.16
5650.00	319.39	1.24	27.14	12.26
5700.00	319.51	1.22	27.31	12.38
5750.00	319.61	1.19	27.38	12.52
5800.00	319.72	1.16	27.43	12.65
5850.00	319.82	1.13	27.47	12.79
5900.00	319.93	1.09	27.52	12.92
5950.00	320.03	1.06	27.57	13.05
6000.00	320.14	1.03	27.62	13.18
6050.00	320.24	1.00	27.67	13.31
6100.00	320.35	0.97	27.72	13.44
6150.00	320.45	0.94	27.76	13.58
6200.00	320.56	0.91	27.86	13.68
6250.00	320.66	0.88	27.96	13.77
6300.00	320.77	0.85	28.07	13.88
6350.00	320.87	0.82	28.17	13.98
6400.00	320.98	0.79	28.27	14.07
6450.00	321.11	0.76	28.38	14.19
6500.00	321.25	0.73	28.47	14.29
6550.00	321.39	0.70	28.58	14.40
6600.00	321.53	0.67	28.68	14.50
6650.00	321.66	0.64	28.80	14.61
6700.00	321.80	0.61	28.91	14.72
6750.00	321.94	0.58	29.02	14.83
6800.00	322.07	0.56	29.13	14.93
6850.00	322.21	0.53	29.25	15.04
6900.00	322.35	0.50	29.35	15.15
6950.00	322.49	0.47	29.46	15.25
7000.00	322.62	0.44	29.58	15.37
7050.00	322.76	0.41	29.68	15.46
7100.00	322.90	0.38	29.78	15.56
7150.00	323.07	0.37	29.92	15.62
7200.00	323.24	0.36	30.04	15.69
7250.00	323.41	0.34	30.17	15.76
7300.00	323.58	0.33	30.31	15.82
7350.00	323.74	0.31	30.44	15.89
7400.00	323.91	0.30	30.58	15.96
7450.00	324.08	0.28	30.70	16.02
7500.00	324.25	0.27	30.84	16.08
7550.00	324.42	0.25	30.97	16.12
7600.00	324.59	0.24	31.11	16.15
7650.00	324.76	0.23	31.24	16.19
7700.00	324.93	0.21	31.38	16.23
7750.00	325.10	0.20	31.51	16.26
7800.00	325.26	0.19	31.64	16.27
7850.00	325.42	0.18	31.76	16.24
7900.00	325.58	0.18	31.86	16.20
7950.00	325.74	0.17	31.98	16.17
8000.00	325.90	0.16	32.11	16.12
8050.00	326.05	0.16	32.24	16.08
8100.00	326.21	0.15	32.36	16.04
8150.00	326.37	0.15	32.49	15.99
8200.00	326.53	0.14	32.62	15.96
8250.00	326.69	0.14	32.75	15.91
8300.00	326.84	0.13	32.87	15.87
8350.00	327.00	0.13	33.00	15.83
8400.00	327.16	0.12	33.13	15.78
8450.00	327.32	0.12	33.26	15.74
8500.00	327.47	0.11	33.37	15.64
8550.00	327.61	0.11	33.48	15.53
8600.00	327.76	0.11	33.59	15.41
8650.00	327.91	0.11	33.70	15.30
8700.00	328.06	0.10	33.82	15.19
8750.00	328.20	0.10	33.92	15.08
8800.00	328.35	0.10	34.03	14.97
8850.00	328.50	0.10	34.15	14.87
8900.00	328.65	0.09	34.25	14.75
8950.00	328.79	0.09	34.37	14.64
9000.00	328.94	0.09	34.49	14.52
9050.00	329.09	0.09	34.61	14.40
9100.00	329.23	0.08	34.73	14.28
9150.00	329.40	0.08	34.85	14.14
9200.00	329.57	0.08	34.98	13.99
9250.00	329.74	0.08	35.10	13.84
9300.00	329.91	0.07	35.23	13.68
9350.00	330.08	0.07	35.35	13.54
9400.00	330.25	0.07	35.48	13.39
9450.00	330.42	0.07	35.60	13.23
9500.00	330.59	0.07	35.72	13.11
9550.00	330.76	0.07	35.83	12.99
9600.00	330.93	0.06	35.94	12.87
9650.00	331.10	0.06	36.05	12.74
9700.00	331.27	0.06	36.16	12.61
9750.00	331.44	0.06	36.28	12.49
9800.00	331.65	0.06	36.39	12.39
9850.00	331.87	0.05	36.51	12.30
9900.00	332.10	0.05	36.62	12.21
9950.00	332.32	0.05	36.73	12.12
10000.00	332.54	0.05	36.84	12.03
10050.00	332.77	0.05	36.95	11.96
10100.00	332.99	0.04	37.07	11.88
10150.00	333.21	0.04	37.17	11.80
10200.00	333.44	0.04	37.28	11.73
10250.00	333.66	0.04	37.39	11.65
10300.00	333.88	0.04	37.51	11.58
10350.00	334.11	0.04	37.61	11.50
10400.00	334.33	0.03	37.72	11.42
10450.00	334.61	0.03	37.80	11.40
10500.00	334.89	0.03	37.87	11.37
10550.00	335.17	0.03	37.93	11.37
10600.00	335.45	0.03	37.98	11.36
10650.00	335.74	0.03	38.04	11.35
10700.00	336.02	0.03	38.08	11.35
10750.00	336.30	0.03	38.14	11.34
10800.00	336.58	0.02	38.19	11.34
10850.00	336.86	0.02	38.24	11.33
10900.00	337.15	0.02	38.29	11.33
10950.00	337.43	0.02	38.34	11.33
11000.00	337.71	0.02	38.40	11.32
11050.00	338.02	0.02	38.43	11.32
11100.00	338.44	0.02	38.41	11.35
11150.00	338.87	0.02	38.37	11.37
11200.00	339.29	0.02	38.33	11.39
11250.00	339.72	0.02	38.29	11.40
11300.00	340.15	0.02	38.25	11.42
11350.00	340.57	0.01	38.21	11.43
11400.00	341.00	0.01	38.16	11.46
11450.00	341.42	0.01	38.12	11.48
11500.00	341.85	0.01	38.09	11.49
11550.00	342.28	0.01	38.05	11.51
11600.00	342.70	0.01	38.00	11.52
11650.00	343.13	0.01	37.96	11.54
11700.00	343.69	0.01	37.84	11.55
11750.00	344.35	0.01	37.68	11.54
11800.00	345.01	0.01	37.50	11.54
11850.00	345.67	0.01	37.34	11.53
11900.00	346.33	0.01	37.17	11.53
11950.00	346.99	0.01	37.01	11.52
12000.00	347.65	0.01	36.83	11.52
12050.00	348.31	0.01	36.67	11.51
12100.00	348.97	0.01	36.50	11.51
12150.00	349.63	0.01	36.33	11.50
12200.00	350.29	0.01	36.16	11.50
12250.00	350.95	0.01	36.00	11.49
12300.00	351.63	0.01	35.85	11.48
12350.00	352.49	0.01	35.58	11.44
12400.00	353.36	0.01	35.31	11.38
12450.00	354.22	0.01	35.04	11.34
12500.00	355.08	0.01	34.77	11.29
12550.00	355.95	0.01	34.49	11.23
12600.00	356.81	0.01	34.22	11.19
12650.00	357.67	0.01	33.95	11.14
12700.00	358.53	0.01	33.68	11.08
12750.00	359.40	0.01	33.41	11.04
12800.00	360.26	0.01	33.14	10.99
12850.00	361.12	0.01	32.87	10.94
12900.00	361.99	0.01	32.61	10.89
12950.00	362.86	0.01	32.31	10.84
13000.00	363.75	0.01	32.00	10.80
13050.00	364.63	0.01	31.67	10.75
13100.00	365.52	0.01	31.36	10.72
13150.00	366.40	0.01	31.05	10.67
13200.00	367.29	0.01	30.72	10.62
13250.00	368.17	0.01	30.41	10.58
13300.00	369.06	0.01	30.09	10.53
13350.00	369.94	0.01	29.78	10.50
13400.00	370.83	0.01	29.45	10.45
13450.00	371.71	0.01	29.14	10.41
13500.00	372.60	0.01	28.84	10.36
13550.00	373.48	0.01	28.53	10.33
13600.00	374.30	0.01	28.27	10.32
13650.00	375.13	0.01	28.01	10.30
13700.00	375.96	0.01	27.75	10.29
13750.00	376.79	0.00	27.49	10.27
13800.00	377.62	0.00	27.23	10.27
13850.00	378.45	0.00	26.97	10.25
13900.00	379.28	0.00	26.71	10.23
13950.00	380.11	0.00	26.44	10.23
14000.00	380.94	0.00	26.18	10.21
14050.00	381.77	0.00	25.92	10.19
14100.00	382.60	0.00	25.66	10.19
14150.00	383.43	0.00	25.40	10.17
14200.00	384.21	0.00	25.22	10.17
14250.00	384.97	0.00	25.08	10.16
14300.00	385.73	0.00	24.94	10.16
14350.00	386.49	0.00	24.80	10.15
14400.00	387.25	0.00	24.65	10.14
14450.00	388.00	0.00	24.51	10.13
14500.00	388.76	0.00	24.37	10.13
14550.00	389.52	0.00	24.23	10.12
14600.00	390.28	0.00	24.09	10.12
14650.00	391.04	0.00	23.94	10.11
14700.00	391.80	0.00	23.80	10.11
14750.00	392.56	0.00	23.67	10.10
14800.00	393.30	0.00	23.56	10.09
14850.00	393.98	0.00	23.53	10.09
14900.00	394.66	0.00	23.50	10.09
14950.00	395.34	0.00	23.47	10.10
15000.00	396.02	0.00	23.45	10.10
15050.00	396.70	0.00	23.42	10.10
15100.00	397.38	0.00	23.39	10.11
15150.00	398.06	0.00	23.36	10.11
15200.00	398.74	0.00	23.33	10.12
15250.00	399.42	0.00	23.30	10.12
15300.00	400.10	0.00	23.27	10.12
15350.00	400.79	0.00	23.24	10.12
15400.00	401.47	0.00	23.22	10.12
15450.00	402.09	0.00	23.19	10.12
15500.00	402.71	0.00	23.16	10.13
15550.00	403.33	0.00	23.14	10.13
15600.00	403.94	0.00	23.11	10.13
15650.00	404.56	0.00	23.09	10.14
15700.00	405.18	0.00	23.06	10.14
15750.00	405.79	0.00	23.03	10.15
15800.00	406.41	0.00	23.01	10.16
15850.00	407.02	0.00	22.99	10.16
15900.00	407.64	0.00	22.96	10.17
15950.00	408.26	0.00	22.93	10.17
16000.00	408.87	0.00	22.91	10.17
16050.00	409.49	0.00	22.95	10.25
16100.00	410.11	0.00	23.07	10.40
16150.00	410.72	0.00	23.19	10.56
16200.00	411.34	0.00	23.32	10.72
16250.00	411.96	0.00	23.43	10.88
16300.00	412.58	0.00	23.55	11.03
16350.00	413.19	0.00	23.68	11.19
16400.00	413.81	0.00	23.80	11.34
16450.00	414.43	0.00	23.92	11.50
16500.00	415.05	0.00	24.04	11.66
16550.00	415.66	0.00	24.16	11.81
16600.00	416.28	0.00	24.29	11.97
16650.00	416.95	0.00	24.45	12.12
16700.00	417.73	0.00	24.70	12.29
16750.00	418.50	0.00	24.95	12.46
16800.00	419.27	0.00	25.19	12.63
16850.00	420.05	0.00	25.43	12.79
16900.00	420.82	0.00	25.66	12.95
16950.00	421.60	0.00	25.90	13.12
17000.00	422.37	0.00	26.14	13.29
17050.00	423.14	0.00	26.38	13.45
17100.00	423.92	0.00	26.61	13.62
17150.00	424.69	0.00	26.85	13.78
17200.00	425.47	0.00	27.09	13.95
17250.00	426.36	0.00	27.23	13.92
17300.00	427.59	0.00	27.09	13.30
17350.00	428.83	0.00	26.96	12.69
17400.00	430.07	0.00	26.81	12.07
17450.00	431.31	0.00	26.68	11.45
17500.00	432.55	0.00	26.52	10.83
17550.00	433.79	0.00	26.37	10.21
17600.00	435.02	0.00	26.23	9.59
17650.00	436.26	0.00	26.07	8.97
17700.00	437.50	0.00	25.92	8.35
17750.00	438.74	0.00	25.76	7.73
17800.00	439.98	0.00	25.62	7.12
17850.00	441.26	0.00	25.28	6.45
17900.00	442.80	0.00	23.98	5.57
17950.00	444.33	0.00	22.67	4.69
18000.00	445.87	0.00	21.38	3.82
18050.00	447.40	0.00	20.08	2.94
18100.00	448.93	0.00	18.78	2.07
18150.00	450.47	0.00	17.49	1.19
18200.00	452.00	0.00	16.16	0.31
18250.00	453.53	0.00	14.84	-0.57
18300.00	455.07	0.00	13.52	-1.45
18350.00	456.60	0.00	12.21	-2.33
18400.00	458.14	0.00	10.89	-3.21
18450.00	459.67	0.00	9.57	-4.10
18500.00	460.17	0.00	9.10	-3.96
18550.00	460.62	0.00	8.69	-3.78
18600.00	461.07	0.00	8.28	-3.59
18650.00	461.53	0.00	7.86	-3.41
18700.00	461.98	0.00	7.44	-3.22
18750.00	462.43	0.00	7.02	-3.04
18800.00	462.88	0.00	6.61	-2.85
18850.00	463.33	0.00	6.20	-2.66
18900.00	463.78	0.00	5.78	-2.48
18950.00	464.23	0.00	5.35	-2.29
19000.00	464.68	0.00	4.92	-2.12
19050.00	465.13	0.00	4.50	-1.93
19100.00	466.07	0.00	4.38	-1.60
19150.00	467.15	0.00	4.37	-1.23
19200.00	468.24	0.00	4.36	-0.86
19250.00	469.33	0.00	4.34	-0.48
19300.00	470.41	0.00	4.33	-0.11
19350.00	471.50	0.00	4.31	0.26
19400.00	472.59	0.00	4.30	0.63
19450.00	473.68	0.00	4.28	1.01
19500.00	474.76	0.00	4.26	1.39
19550.00	475.85	0.00	4.25	1.75
19600.00	476.94	0.00	4.23	2.13
19650.00	478.03	0.00	4.22	2.50
19700.00	479.31	0.00	4.07	2.73
19750.00	480.70	0.00	3.85	2.89
19800.00	482.09	0.00	3.63	3.04
19850.00	483.48	0.00	3.41	3.20
19900.00	484.86	0.00	3.19	3.35
19950.00	486.25	0.00	2.97	3.51
20000.00	487.64	0.00	2.75	3.66
20050.00	489.03	0.00	2.53	3.82
