956.58	305.72	15.37
0.00	305.72	15.37	5.24	8.40
50.00	305.64	15.31	5.73	8.71
100.00	305.50	15.21	6.58	9.29
150.00	305.44	15.14	7.09	9.59
200.00	305.40	15.09	7.39	9.89
250.00	305.38	15.04	7.63	10.17
300.00	305.36	14.99	7.77	10.42
350.00	305.35	14.95	7.89	10.64
400.00	305.34	14.91	7.95	10.82
450.00	305.34	14.87	8.02	10.97
500.00	305.33	14.82	8.05	11.13
550.00	305.34	14.78	8.08	11.28
600.00	305.34	14.72	8.14	11.42
650.00	305.35	14.66	8.21	11.56
700.00	305.36	14.60	8.27	11.70
750.00	305.42	14.40	8.42	11.82
800.00	305.51	14.11	8.62	11.92
850.00	305.59	13.82	8.80	12.03
900.00	305.68	13.53	9.01	12.15
950.00	305.77	13.24	9.23	12.34
1000.00	305.89	12.95	9.58	12.53
1050.00	306.01	12.65	9.93	12.72
1100.00	306.12	12.36	10.30	12.96
1150.00	306.24	12.06	10.67	13.21
1200.00	306.36	11.77	11.04	13.45
1250.00	306.45	11.56	11.25	13.62
1300.00	306.54	11.39	11.43	13.78
1350.00	306.62	11.22	11.61	13.94
1400.00	306.70	11.05	11.79	14.09
1450.00	306.78	10.88	11.95	14.22
1500.00	306.86	10.71	12.09	14.29
1550.00	306.97	10.49	12.24	14.36
1600.00	307.13	10.19	12.40	14.44
1650.00	307.29	9.89	12.56	14.51
1700.00	307.45	9.59	12.73	14.58
1750.00	307.61	9.28	12.89	14.65
1800.00	307.77	8.98	13.05	14.72
1850.00	307.93	8.68	13.22	14.79
1900.00	308.09	8.37	13.38	14.85
1950.00	308.33	7.98	13.47	14.92
2000.00	308.57	7.59	13.55	14.98
2050.00	308.81	7.19	13.64	15.05
2100.00	309.05	6.80	13.74	15.12
2150.00	309.29	6.40	13.83	15.18
2200.00	309.53	6.01	13.93	15.26
2250.00	309.77	5.61	14.03	15.33
2300.00	310.01	5.22	14.13	15.41
2350.00	310.19	4.98	14.18	15.49
2400.00	310.35	4.79	14.22	15.56
2450.00	310.51	4.59	14.27	15.61
2500.00	310.67	4.40	14.32	15.66
2550.00	310.84	4.20	14.36	15.70
2600.00	311.00	4.01	14.41	15.75
2650.00	311.16	3.82	14.45	15.80
2700.00	311.32	3.62	14.51	15.78
2750.00	311.49	3.43	14.57	15.77
2800.00	311.63	3.29	14.60	15.71
2850.00	311.77	3.19	14.59	15.63
2900.00	311.90	3.08	14.59	15.54
2950.00	312.04	2.98	14.59	15.47
3000.00	312.17	2.88	14.60	15.41
3050.00	312.31	2.77	14.61	15.34
3100.00	312.44	2.67	14.63	15.29
3150.00	312.58	2.57	14.64	15.23
3200.00	312.71	2.46	14.65	15.18
3250.00	312.84	2.36	14.66	15.11
3300.00	312.92	2.32	14.70	14.99
3350.00	312.98	2.31	14.73	14.84
3400.00	313.03	2.30	14.77	14.70
3450.00	313.08	2.29	14.81	14.55
3500.00	313.13	2.28	14.85	14.41
3550.00	313.18	2.27	14.88	14.26
3600.00	313.23	2.26	14.96	14.12
3650.00	313.28	2.25	15.05	13.99
3700.00	313.34	2.24	15.12	13.85
3750.00	313.39	2.23	15.20	13.71
3800.00	313.44	2.22	15.28	13.58
3850.00	313.64	2.14	15.52	13.44
3900.00	313.85	2.07	15.77	13.32
3950.00	314.07	1.99	16.04	13.22
4000.00	314.28	1.91	16.30	13.13
4050.00	314.50	1.83	16.56	13.03
4100.00	314.71	1.75	16.83	12.94
4150.00	314.93	1.67	17.09	12.84
4200.00	315.15	1.59	17.35	12.74
4250.00	315.36	1.52	17.61	12.67
4300.00	315.58	1.44	17.85	12.60
4350.00	315.79	1.36	18.10	12.55
4400.00	315.98	1.30	18.37	12.48
4450.00	316.08	1.30	18.70	12.41
4500.00	316.18	1.30	19.03	12.35
4550.00	316.29	1.30	19.35	12.28
4600.00	316.39	1.30	19.68	12.23
4650.00	316.49	1.30	19.98	12.20
4700.00	316.60	1.29	20.27	12.17
4750.00	316.70	1.29	20.57	12.14
4800.00	316.81	1.29	20.87	12.11
4850.00	316.91	1.29	21.16	12.09
4900.00	317.01	1.29	21.46	12.06
4950.00	317.12	1.29	21.76	12.04
5000.00	317.22	1.29	22.03	12.00
5050.00	317.33	1.29	22.34	12.04
5100.00	317.45	1.28	22.65	12.09
5150.00	317.57	1.28	22.97	12.15
5200.00	317.68	1.28	23.28	12.20
5250.00	317.80	1.27	23.59	12.26
5300.00	317.92	1.27	23.91	12.31
5350.00	318.04	1.27	24.22	12.37
5400.00	318.15	1.26	24.52	12.47
5450.00	318.27	1.26	24.82	12.56
5500.00	318.39	1.26	25.13	12.64
5550.00	318.51	1.25	25.42	12.73
5600.00	318.63	1.25	25.72	12.83
5650.00	318.74	1.25	26.03	12.92
5700.00	318.86	1.24	26.31	13.01
5750.00	318.98	1.23	26.49	13.14
5800.00	319.10	1.21	26.65	13.26
5850.00	319.22	1.19	26.81	13.38
5900.00	319.34	1.18	26.98	13.50
5950.00	319.46	1.16	27.14	13.62
6000.00	319.58	1.14	27.30	13.74
6050.00	319.70	1.13	27.47	13.86
6100.00	319.82	1.11	27.63	13.98
6150.00	319.94	1.09	27.79	14.10
6200.00	320.06	1.08	27.96	14.22
6250.00	320.18	1.06	28.14	14.33
6300.00	320.30	1.04	28.31	14.44
6350.00	320.42	1.03	28.47	14.55
6400.00	320.54	1.01	28.65	14.66
6450.00	320.66	0.98	28.69	14.77
6500.00	320.78	0.96	28.73	14.88
6550.00	320.90	0.93	28.78	14.98
6600.00	321.02	0.90	28.81	15.05
6650.00	321.14	0.88	28.84	15.09
6700.00	321.26	0.85	28.87	15.13
6750.00	321.38	0.82	28.90	15.16
6800.00	321.50	0.80	28.93	15.21
6850.00	321.62	0.77	28.96	15.24
6900.00	321.74	0.74	28.99	15.28
6950.00	321.86	0.72	29.02	15.32
7000.00	321.98	0.69	29.05	15.35
7050.00	322.10	0.66	29.09	15.37
7100.00	322.23	0.63	29.12	15.36
7150.00	322.38	0.61	29.19	15.34
7200.00	322.53	0.59	29.25	15.30
7250.00	322.67	0.57	29.30	15.28
7300.00	322.82	0.55	29.36	15.24
7350.00	322.97	0.53	29.42	15.22
7400.00	323.12	0.50	29.48	15.19
7450.00	323.27	0.48	29.54	15.16
7500.00	323.42	0.46	29.61	15.13
7550.00	323.57	0.44	29.69	15.11
7600.00	323.72	0.42	29.77	15.09
7650.00	323.87	0.40	29.86	15.06
7700.00	324.02	0.37	29.95	15.04
7750.00	324.17	0.35	30.03	15.02
7800.00	324.33	0.34	30.13	14.97
7850.00	324.50	0.32	30.25	14.89
7900.00	324.67	0.31	30.37	14.82
7950.00	324.85	0.30	30.51	14.74
8000.00	325.02	0.29	30.65	14.65
8050.00	325.19	0.28	30.80	14.57
8100.00	325.36	0.26	30.95	14.49
8150.00	325.54	0.25	31.10	14.40
8200.00	325.71	0.24	31.25	14.31
8250.00	325.88	0.23	31.40	14.22
8300.00	326.06	0.22	31.54	14.15
8350.00	326.23	0.20	31.70	14.06
8400.00	326.40	0.19	31.85	13.97
8450.00	326.57	0.18	32.00	13.88
8500.00	326.74	0.18	32.17	13.78
8550.00	326.90	0.17	32.33	13.68
8600.00	327.07	0.16	32.50	13.58
8650.00	327.23	0.16	32.66	13.48
8700.00	327.40	0.15	32.83	13.38
8750.00	327.56	0.15	32.99	13.27
8800.00	327.73	0.14	33.16	13.17
8850.00	327.89	0.13	33.33	13.06
8900.00	328.06	0.13	33.49	12.96
8950.00	328.22	0.12	33.66	12.87
9000.00	328.39	0.12	33.80	12.78
9050.00	328.55	0.11	33.96	12.69
9100.00	328.72	0.11	34.12	12.60
9150.00	328.89	0.10	34.28	12.50
9200.00	329.06	0.10	34.45	12.39
9250.00	329.23	0.10	34.62	12.30
9300.00	329.41	0.09	34.80	12.19
9350.00	329.58	0.09	34.97	12.09
9400.00	329.75	0.09	35.14	11.98
9450.00	329.92	0.08	35.31	11.88
9500.00	330.10	0.08	35.48	11.78
9550.00	330.27	0.08	35.65	11.69
9600.00	330.44	0.07	35.81	11.59
9650.00	330.62	0.07	35.98	11.50
9700.00	330.79	0.07	36.14	11.41
9750.00	330.96	0.06	36.31	11.32
9800.00	331.17	0.06	36.46	11.20
9850.00	331.38	0.06	36.62	11.08
9900.00	331.59	0.06	36.78	10.95
9950.00	331.81	0.05	36.94	10.83
10000.00	332.02	0.05	37.08	10.72
10050.00	332.23	0.05	37.22	10.61
10100.00	332.45	0.05	37.37	10.49
10150.00	332.66	0.05	37.51	10.39
10200.00	332.87	0.04	37.65	10.28
10250.00	333.09	0.04	37.80	10.17
10300.00	333.30	0.04	37.94	10.05
10350.00	333.51	0.04	38.08	9.95
10400.00	333.73	0.04	38.23	9.84
10450.00	334.02	0.03	38.32	9.78
10500.00	334.31	0.03	38.43	9.72
10550.00	334.59	0.03	38.54	9.67
10600.00	334.88	0.03	38.68	9.62
10650.00	335.17	0.03	38.80	9.58
10700.00	335.46	0.03	38.93	9.53
10750.00	335.75	0.03	39.05	9.48
10800.00	336.04	0.03	39.18	9.44
10850.00	336.32	0.03	39.31	9.39
10900.00	336.61	0.02	39.44	9.35
10950.00	336.90	0.02	39.57	9.30
11000.00	337.19	0.02	39.69	9.26
11050.00	337.54	0.02	39.79	9.24
11100.00	338.00	0.02	39.84	9.29
11150.00	338.47	0.02	39.90	9.36
11200.00	338.93	0.02	39.95	9.43
11250.00	339.39	0.02	40.00	9.50
11300.00	339.85	0.02	40.05	9.57
11350.00	340.32	0.02	40.10	9.63
11400.00	340.78	0.02	40.15	9.70
11450.00	341.24	0.02	40.20	9.77
11500.00	341.70	0.02	40.24	9.84
11550.00	342.17	0.02	40.30	9.91
11600.00	342.63	0.01	40.35	9.98
11650.00	343.09	0.01	40.40	10.05
11700.00	343.79	0.01	40.25	10.08
11750.00	344.55	0.01	40.04	10.10
11800.00	345.31	0.01	39.84	10.13
11850.00	346.06	0.01	39.64	10.15
11900.00	346.82	0.01	39.43	10.17
11950.00	347.58	0.01	39.23	10.20
12000.00	348.34	0.01	39.03	10.21
12050.00	349.10	0.01	38.82	10.24
12100.00	349.85	0.01	38.62	10.27
12150.00	350.61	0.01	38.42	10.29
12200.00	351.37	0.01	38.21	10.31
12250.00	352.13	0.01	38.02	10.33
12300.00	352.95	0.01	37.74	10.33
12350.00	353.91	0.01	37.31	10.28
12400.00	354.88	0.01	36.86	10.23
12450.00	355.84	0.01	36.42	10.18
12500.00	356.80	0.01	35.98	10.12
12550.00	357.76	0.01	35.54	10.07
12600.00	358.73	0.01	35.09	10.02
12650.00	359.69	0.01	34.65	9.97
12700.00	360.65	0.01	34.21	9.92
12750.00	361.62	0.01	33.77	9.86
12800.00	362.58	0.01	33.32	9.81
12850.00	363.54	0.01	32.88	9.77
12900.00	364.50	0.01	32.41	9.70
12950.00	365.47	0.01	31.84	9.66
13000.00	366.44	0.01	31.26	9.63
13050.00	367.40	0.01	30.66	9.60
13100.00	368.37	0.01	30.07	9.58
13150.00	369.34	0.01	29.48	9.55
13200.00	370.30	0.01	28.88	9.51
13250.00	371.27	0.01	28.30	9.49
13300.00	372.24	0.01	27.71	9.46
13350.00	373.20	0.01	27.11	9.43
13400.00	374.17	0.01	26.52	9.41
13450.00	375.14	0.00	25.93	9.37
13500.00	376.10	0.00	25.36	9.34
13550.00	377.03	0.00	24.81	9.32
13600.00	377.79	0.00	24.32	9.38
13650.00	378.55	0.00	23.83	9.43
13700.00	379.31	0.00	23.33	9.47
13750.00	380.07	0.00	22.84	9.52
13800.00	380.83	0.00	22.34	9.56
13850.00	381.59	0.00	21.85	9.62
13900.00	382.35	0.00	21.36	9.67
13950.00	383.11	0.00	20.87	9.71
14000.00	383.87	0.00	20.38	9.76
14050.00	384.63	0.00	19.89	9.82
14100.00	385.39	0.00	19.39	9.86
14150.00	386.15	0.00	18.91	9.92
14200.00	386.77	0.00	18.62	9.99
14250.00	387.29	0.00	18.46	10.10
14300.00	387.81	0.00	18.29	10.21
14350.00	388.34	0.00	18.13	10.31
14400.00	388.86	0.00	17.97	10.41
14450.00	389.38	0.00	17.79	10.51
14500.00	389.90	0.00	17.63	10.62
14550.00	390.43	0.00	17.46	10.73
14600.00	390.95	0.00	17.30	10.82
14650.00	391.47	0.00	17.13	10.93
14700.00	391.99	0.00	16.97	11.03
14750.00	392.52	0.00	16.81	11.13
14800.00	393.04	0.00	16.65	11.21
14850.00	393.53	0.00	16.75	11.23
14900.00	394.02	0.00	16.85	11.25
14950.00	394.51	0.00	16.93	11.27
15000.00	395.00	0.00	17.03	11.28
15050.00	395.49	0.00	17.13	11.30
15100.00	395.98	0.00	17.22	11.33
15150.00	396.47	0.00	17.32	11.34
15200.00	396.96	0.00	17.42	11.36
15250.00	397.45	0.00	17.51	11.38
15300.00	397.94	0.00	17.61	11.40
15350.00	398.43	0.00	17.70	11.42
15400.00	398.92	0.00	17.80	11.43
15450.00	399.56	0.00	18.06	11.36
15500.00	400.27	0.00	18.38	11.24
15550.00	400.97	0.00	18.70	11.12
15600.00	401.67	0.00	19.02	11.01
15650.00	402.37	0.00	19.34	10.89
15700.00	403.07	0.00	19.67	10.77
15750.00	403.77	0.00	19.99	10.65
15800.00	404.48	0.00	20.31	10.54
15850.00	405.18	0.00	20.63	10.42
15900.00	405.88	0.00	20.95	10.30
15950.00	406.58	0.00	21.28	10.19
16000.00	407.28	0.00	21.60	10.07
16050.00	408.07	0.00	21.89	9.93
16100.00	408.94	0.00	22.16	9.77
16150.00	409.82	0.00	22.44	9.59
16200.00	410.69	0.00	22.71	9.43
16250.00	411.57	0.00	22.99	9.26
16300.00	412.44	0.00	23.27	9.09
16350.00	413.32	0.00	23.54	8.93
16400.00	414.19	0.00	23.82	8.75
16450.00	415.06	0.00	24.09	8.59
16500.00	415.94	0.00	24.36	8.42
16550.00	416.81	0.00	24.64	8.25
16600.00	417.69	0.00	24.92	8.08
16650.00	418.59	0.00	25.11	7.89
16700.00	419.55	0.00	25.17	7.63
16750.00	420.52	0.00	25.21	7.36
16800.00	421.48	0.00	25.25	7.11
16850.00	422.44	0.00	25.29	6.84
16900.00	423.41	0.00	25.33	6.58
16950.00	424.37	0.00	25.37	6.32
17000.00	425.33	0.00	25.41	6.06
17050.00	426.29	0.00	25.44	5.80
17100.00	427.26	0.00	25.49	5.54
17150.00	428.22	0.00	25.52	5.28
17200.00	429.18	0.00	25.56	5.01
17250.00	430.20	0.00	25.49	4.71
17300.00	431.47	0.00	24.89	4.13
17350.00	432.74	0.00	24.28	3.57
17400.00	434.01	0.00	23.68	2.99
17450.00	435.28	0.00	23.07	2.43
17500.00	436.55	0.00	22.48	1.87
17550.00	437.82	0.00	21.88	1.29
17600.00	439.09	0.00	21.27	0.73
17650.00	440.36	0.00	20.67	0.17
17700.00	441.63	0.00	20.08	-0.40
17750.00	442.90	0.00	19.48	-0.97
17800.00	444.17	0.00	18.88	-1.54
17850.00	445.44	0.00	18.28	-2.10
17900.00	446.06	0.00	17.44	-2.26
17950.00	446.66	0.00	16.58	-2.41
18000.00	447.26	0.00	15.71	-2.55
18050.00	447.86	0.00	14.85	-2.69
18100.00	448.46	0.00	14.00	-2.84
18150.00	449.06	0.00	13.14	-2.98
18200.00	449.66	0.00	12.29	-3.12
18250.00	450.26	0.00	11.44	-3.26
18300.00	450.86	0.00	10.59	-3.40
18350.00	451.46	0.00	9.74	-3.53
18400.00	452.06	0.00	8.89	-3.67
18450.00	452.66	0.00	8.05	-3.81
18500.00	453.60	0.00	7.57	-3.48
18550.00	454.64	0.00	7.18	-3.03
18600.00	455.67	0.00	6.80	-2.58
18650.00	456.71	0.00	6.43	-2.12
18700.00	457.75	0.00	6.05	-1.67
18750.00	458.79	0.00	5.67	-1.22
18800.00	459.82	0.00	5.29	-0.75
18850.00	460.86	0.00	4.91	-0.30
18900.00	461.90	0.00	4.52	0.16
18950.00	462.93	0.00	4.11	0.62
19000.00	463.97	0.00	3.71	1.07
19050.00	465.01	0.00	3.29	1.54
19100.00	466.20	0.00	3.07	1.66
19150.00	467.47	0.00	2.93	1.61
19200.00	468.74	0.00	2.80	1.57
19250.00	470.01	0.00	2.67	1.53
19300.00	471.28	0.00	2.53	1.48
19350.00	472.54	0.00	2.39	1.44
19400.00	473.81	0.00	2.25	1.40
19450.00	475.08	0.00	2.13	1.35
19500.00	476.35	0.00	1.99	1.31
19550.00	477.62	0.00	1.85	1.27
19600.00	478.88	0.00	1.71	1.23
19650.00	480.15	0.00	1.59	1.18
19700.00	481.40	0.00	1.46	1.23
19750.00	482.64	0.00	1.34	1.37
19800.00	483.87	0.00	1.22	1.50
19850.00	485.11	0.00	1.10	1.63
19900.00	486.35	0.00	0.98	1.76
19950.00	487.58	0.00	0.86	1.90
20000.00	488.82	0.00	0.73	2.03
20050.00	490.05	0.00	0.61	2.16
