956.58	305.72	15.37
0.00	305.72	15.37	3.73	9.85
50.00	305.64	15.31	4.09	10.30
100.00	305.50	15.21	4.78	11.12
150.00	305.44	15.14	5.30	11.59
200.00	305.40	15.09	5.74	12.01
250.00	305.38	15.04	6.14	12.38
300.00	305.36	14.99	6.48	12.64
350.00	305.35	14.95	6.81	12.88
400.00	305.34	14.91	7.08	13.13
450.00	305.34	14.87	7.35	13.35
500.00	305.33	14.82	7.57	13.50
550.00	305.34	14.78	7.79	13.63
600.00	305.34	14.72	7.99	13.74
650.00	305.35	14.66	8.14	13.83
700.00	305.36	14.60	8.28	13.90
750.00	305.42	14.40	8.48	13.95
800.00	305.51	14.11	8.67	13.96
850.00	305.59	13.82	8.86	13.97
900.00	305.68	13.53	9.05	13.98
950.00	305.77	13.24	9.22	14.01
1000.00	305.89	12.95	9.51	14.05
1050.00	306.01	12.65	9.80	14.10
1100.00	306.12	12.36	10.12	14.11
1150.00	306.24	12.06	10.45	14.13
1200.00	306.36	11.77	10.76	14.15
1250.00	306.45	11.56	10.92	14.10
1300.00	306.54	11.39	11.01	14.07
1350.00	306.62	11.22	11.09	14.04
1400.00	306.70	11.05	11.18	14.00
1450.00	306.78	10.88	11.27	13.96
1500.00	306.86	10.71	11.37	13.93
1550.00	306.97	10.49	11.49	13.91
1600.00	307.13	10.19	11.63	13.89
1650.00	307.29	9.89	11.76	13.85
1700.00	307.45	9.59	11.92	13.87
1750.00	307.61	9.28	12.07	13.89
1800.00	307.77	8.98	12.22	13.91
1850.00	307.93	8.68	12.38	13.92
1900.00	308.09	8.37	12.56	13.95
1950.00	308.33	7.98	12.72	14.02
2000.00	308.57	7.59	12.87	14.09
2050.00	308.81	7.19	13.02	14.16
2100.00	309.05	6.80	13.18	14.23
2150.00	309.29	6.40	13.31	14.31
2200.00	309.53	6.01	13.42	14.43
2250.00	309.77	5.61	13.54	14.53
2300.00	310.01	5.22	13.66	14.64
2350.00	310.19	4.98	13.72	14.75
2400.00	310.35	4.79	13.76	14.86
2450.00	310.51	4.59	13.82	14.96
2500.00	310.67	4.40	13.87	15.05
2550.00	310.84	4.20	13.92	15.14
2600.00	311.00	4.01	13.97	15.24
2650.00	311.16	3.82	14.02	15.33
2700.00	311.32	3.62	14.08	15.43
2750.00	311.49	3.43	14.15	15.55
2800.00	311.63	3.29	14.18	15.61
2850.00	311.77	3.19	14.18	15.66
2900.00	311.90	3.08	14.19	15.69
2950.00	312.04	2.98	14.20	15.74
3000.00	312.17	2.88	14.16	15.76
3050.00	312.31	2.77	14.13	15.78
3100.00	312.44	2.67	14.10	15.81
3150.00	312.58	2.57	14.07	15.84
3200.00	312.71	2.46	14.03	15.87
3250.00	312.84	2.36	14.00	15.88
3300.00	312.92	2.32	13.95	15.86
3350.00	312.98	2.31	13.91	15.81
3400.00	313.03	2.30	13.88	15.75
3450.00	313.08	2.29	13.83	15.70
3500.00	313.13	2.28	13.80	15.64
3550.00	313.18	2.27	13.75	15.59
3600.00	313.23	2.26	13.73	15.50
3650.00	313.28	2.25	13.70	15.40
3700.00	313.34	2.24	13.66	15.31
3750.00	313.39	2.23	13.64	15.22
3800.00	313.44	2.22	13.60	15.12
3850.00	313.64	2.14	13.73	15.03
3900.00	313.85	2.07	13.89	14.95
3950.00	314.07	1.99	14.09	14.87
4000.00	314.28	1.91	14.27	14.81
4050.00	314.50	1.83	14.46	14.73
4100.00	314.71	1.75	14.66	14.66
4150.00	314.93	1.67	14.84	14.60
4200.00	315.15	1.59	15.03	14.52
4250.00	315.36	1.52	15.23	14.45
4300.00	315.58	1.44	15.42	14.37
4350.00	315.79	1.36	15.62	14.30
4400.00	315.98	1.30	15.83	14.23
4450.00	316.08	1.30	16.11	14.15
4500.00	316.18	1.30	16.39	14.07
4550.00	316.29	1.30	16.66	13.99
4600.00	316.39	1.30	16.94	13.92
4650.00	316.49	1.30	17.23	13.88
4700.00	316.60	1.29	17.51	13.83
4750.00	316.70	1.29	17.80	13.79
4800.00	316.81	1.29	18.09	13.75
4850.00	316.91	1.29	18.37	13.71
4900.00	317.01	1.29	18.66	13.66
4950.00	317.12	1.29	18.95	13.62
5000.00	317.22	1.29	19.24	13.57
5050.00	317.33	1.29	19.56	13.59
5100.00	317.45	1.28	19.89	13.61
5150.00	317.57	1.28	20.23	13.65
5200.00	317.68	1.28	20.56	13.68
5250.00	317.80	1.27	20.89	13.72
5300.00	317.92	1.27	21.23	13.74
5350.00	318.04	1.27	21.57	13.78
5400.00	318.15	1.26	21.94	13.80
5450.00	318.27	1.26	22.32	13.83
5500.00	318.39	1.26	22.70	13.85
5550.00	318.51	1.25	23.06	13.88
5600.00	318.63	1.25	23.44	13.90
5650.00	318.74	1.25	23.82	13.93
5700.00	318.86	1.24	24.18	13.96
5750.00	318.98	1.23	24.44	14.02
5800.00	319.10	1.21	24.69	14.07
5850.00	319.22	1.19	24.95	14.12
5900.00	319.34	1.18	25.21	14.17
5950.00	319.46	1.16	25.47	14.23
6000.00	319.58	1.14	25.73	14.28
6050.00	319.70	1.13	25.99	14.33
6100.00	319.82	1.11	26.25	14.38
6150.00	319.94	1.09	26.50	14.43
6200.00	320.06	1.08	26.74	14.49
6250.00	320.18	1.06	26.98	14.55
6300.00	320.30	1.04	27.21	14.61
6350.00	320.42	1.03	27.44	14.67
6400.00	320.54	1.01	27.68	14.73
6450.00	320.66	0.98	27.78	14.79
6500.00	320.78	0.96	27.88	14.84
6550.00	320.90	0.93	27.99	14.89
6600.00	321.02	0.90	28.10	14.95
6650.00	321.14	0.88	28.22	15.01
6700.00	321.26	0.85	28.34	15.07
6750.00	321.38	0.82	28.47	15.13
6800.00	321.50	0.80	28.59	15.20
6850.00	321.62	0.77	28.71	15.26
6900.00	321.74	0.74	28.84	15.32
6950.00	321.86	0.72	28.95	15.38
7000.00	321.98	0.69	29.07	15.45
7050.00	322.10	0.66	29.20	15.51
7100.00	322.23	0.63	29.32	15.58
7150.00	322.38	0.61	29.46	15.64
7200.00	322.53	0.59	29.60	15.68
7250.00	322.67	0.57	29.74	15.73
7300.00	322.82	0.55	29.87	15.77
7350.00	322.97	0.53	30.01	15.83
7400.00	323.12	0.50	30.16	15.87
7450.00	323.27	0.48	30.29	15.92
7500.00	323.42	0.46	30.43	15.96
7550.00	323.57	0.44	30.55	16.00
7600.00	323.72	0.42	30.67	16.04
7650.00	323.87	0.40	30.80	16.08
7700.00	324.02	0.37	30.93	16.12
7750.00	324.17	0.35	31.05	16.15
7800.00	324.33	0.34	31.19	16.17
7850.00	324.50	0.32	31.36	16.15
7900.00	324.67	0.31	31.52	16.14
7950.00	324.85	0.30	31.69	16.12
8000.00	325.02	0.29	31.84	16.10
8050.00	325.19	0.28	31.99	16.07
8100.00	325.36	0.26	32.14	16.06
8150.00	325.54	0.25	32.29	16.03
8200.00	325.71	0.24	32.44	16.01
8250.00	325.88	0.23	32.59	15.98
8300.00	326.06	0.22	32.74	15.96
8350.00	326.23	0.20	32.90	15.94
8400.00	326.40	0.19	33.05	15.91
8450.00	326.57	0.18	33.20	15.89
8500.00	326.74	0.18	33.36	15.82
8550.00	326.90	0.17	33.52	15.75
8600.00	327.07	0.16	33.68	15.70
8650.00	327.23	0.16	33.84	15.63
8700.00	327.40	0.15	34.00	15.57
8750.00	327.56	0.15	34.16	15.50
8800.00	327.73	0.14	34.32	15.44
8850.00	327.89	0.13	34.49	15.37
8900.00	328.06	0.13	34.64	15.30
8950.00	328.22	0.12	34.80	15.25
9000.00	328.39	0.12	34.95	15.18
9050.00	328.55	0.11	35.11	15.12
9100.00	328.72	0.11	35.26	15.05
9150.00	328.89	0.10	35.43	14.97
9200.00	329.06	0.10	35.60	14.89
9250.00	329.23	0.10	35.77	14.81
9300.00	329.41	0.09	35.95	14.72
9350.00	329.58	0.09	36.12	14.65
9400.00	329.75	0.09	36.29	14.56
9450.00	329.92	0.08	36.46	14.49
9500.00	330.10	0.08	36.61	14.40
9550.00	330.27	0.08	36.76	14.33
9600.00	330.44	0.07	36.90	14.24
9650.00	330.62	0.07	37.05	14.17
9700.00	330.79	0.07	37.19	14.09
9750.00	330.96	0.06	37.33	14.01
9800.00	331.17	0.06	37.46	13.91
9850.00	331.38	0.06	37.60	13.81
9900.00	331.59	0.06	37.73	13.69
9950.00	331.81	0.05	37.87	13.59
10000.00	332.02	0.05	37.99	13.48
10050.00	332.23	0.05	38.12	13.37
10100.00	332.45	0.05	38.25	13.25
10150.00	332.66	0.05	38.37	13.14
10200.00	332.87	0.04	38.49	13.03
10250.00	333.09	0.04	38.62	12.92
10300.00	333.30	0.04	38.75	12.80
10350.00	333.51	0.04	38.87	12.69
10400.00	333.73	0.04	39.00	12.58
10450.00	334.02	0.03	39.08	12.52
10500.00	334.31	0.03	39.18	12.45
10550.00	334.59	0.03	39.26	12.38
10600.00	334.88	0.03	39.36	12.30
10650.00	335.17	0.03	39.44	12.23
10700.00	335.46	0.03	39.54	12.14
10750.00	335.75	0.03	39.63	12.06
10800.00	336.04	0.03	39.73	11.99
10850.00	336.32	0.03	39.81	11.90
10900.00	336.61	0.02	39.91	11.83
10950.00	336.90	0.02	40.01	11.75
11000.00	337.19	0.02	40.10	11.67
11050.00	337.54	0.02	40.16	11.62
11100.00	338.00	0.02	40.18	11.62
11150.00	338.47	0.02	40.20	11.63
11200.00	338.93	0.02	40.21	11.64
11250.00	339.39	0.02	40.23	11.64
11300.00	339.85	0.02	40.24	11.65
11350.00	340.32	0.02	40.25	11.64
11400.00	340.78	0.02	40.27	11.65
11450.00	341.24	0.02	40.29	11.66
11500.00	341.70	0.02	40.30	11.66
11550.00	342.17	0.02	40.32	11.67
11600.00	342.63	0.01	40.33	11.67
11650.00	343.09	0.01	40.35	11.68
11700.00	343.79	0.01	40.18	11.66
11750.00	344.55	0.01	39.96	11.64
11800.00	345.31	0.01	39.74	11.62
11850.00	346.06	0.01	39.53	11.59
11900.00	346.82	0.01	39.31	11.57
11950.00	347.58	0.01	39.10	11.55
12000.00	348.34	0.01	38.89	11.52
12050.00	349.10	0.01	38.67	11.50
12100.00	349.85	0.01	38.45	11.48
12150.00	350.61	0.01	38.24	11.46
12200.00	351.37	0.01	38.02	11.43
12250.00	352.13	0.01	37.81	11.41
12300.00	352.95	0.01	37.53	11.40
12350.00	353.91	0.01	37.08	11.34
12400.00	354.88	0.01	36.63	11.28
12450.00	355.84	0.01	36.18	11.22
12500.00	356.80	0.01	35.73	11.16
12550.00	357.76	0.01	35.28	11.10
12600.00	358.73	0.01	34.82	11.05
12650.00	359.69	0.01	34.37	10.99
12700.00	360.65	0.01	33.93	10.93
12750.00	361.62	0.01	33.47	10.87
12800.00	362.58	0.01	33.02	10.81
12850.00	363.54	0.01	32.58	10.76
12900.00	364.50	0.01	32.12	10.71
12950.00	365.47	0.01	31.55	10.69
13000.00	366.44	0.01	30.97	10.67
13050.00	367.40	0.01	30.38	10.65
13100.00	368.37	0.01	29.80	10.64
13150.00	369.34	0.01	29.22	10.63
13200.00	370.30	0.01	28.63	10.61
13250.00	371.27	0.01	28.05	10.60
13300.00	372.24	0.01	27.47	10.59
13350.00	373.20	0.01	26.88	10.58
13400.00	374.17	0.01	26.30	10.57
13450.00	375.14	0.00	25.72	10.54
13500.00	376.10	0.00	25.13	10.53
13550.00	377.03	0.00	24.55	10.53
13600.00	377.79	0.00	24.04	10.60
13650.00	378.55	0.00	23.53	10.67
13700.00	379.31	0.00	23.02	10.72
13750.00	380.07	0.00	22.51	10.79
13800.00	380.83	0.00	21.99	10.85
13850.00	381.59	0.00	21.47	10.92
13900.00	382.35	0.00	20.96	10.98
13950.00	383.11	0.00	20.45	11.04
14000.00	383.87	0.00	19.94	11.11
14050.00	384.63	0.00	19.43	11.18
14100.00	385.39	0.00	18.91	11.24
14150.00	386.15	0.00	18.41	11.31
14200.00	386.77	0.00	18.11	11.40
14250.00	387.29	0.00	17.93	11.53
14300.00	387.81	0.00	17.74	11.65
14350.00	388.34	0.00	17.57	11.76
14400.00	388.86	0.00	17.39	11.89
14450.00	389.38	0.00	17.20	12.00
14500.00	389.90	0.00	17.02	12.12
14550.00	390.43	0.00	16.84	12.25
14600.00	390.95	0.00	16.66	12.36
14650.00	391.47	0.00	16.47	12.48
14700.00	391.99	0.00	16.29	12.60
14750.00	392.52	0.00	16.12	12.71
14800.00	393.04	0.00	15.97	12.82
14850.00	393.53	0.00	16.08	12.86
14900.00	394.02	0.00	16.18	12.89
14950.00	394.51	0.00	16.27	12.94
15000.00	395.00	0.00	16.37	12.97
15050.00	395.49	0.00	16.47	13.01
15100.00	395.98	0.00	16.57	13.05
15150.00	396.47	0.00	16.68	13.09
15200.00	396.96	0.00	16.78	13.13
15250.00	397.45	0.00	16.88	13.17
15300.00	397.94	0.00	16.98	13.21
15350.00	398.43	0.00	17.08	13.25
15400.00	398.92	0.00	17.19	13.28
15450.00	399.56	0.00	17.48	13.22
15500.00	400.27	0.00	17.82	13.10
15550.00	400.97	0.00	18.17	13.00
15600.00	401.67	0.00	18.51	12.89
15650.00	402.37	0.00	18.86	12.78
15700.00	403.07	0.00	19.21	12.67
15750.00	403.77	0.00	19.56	12.56
15800.00	404.48	0.00	19.90	12.46
15850.00	405.18	0.00	20.25	12.35
15900.00	405.88	0.00	20.59	12.24
15950.00	406.58	0.00	20.95	12.13
16000.00	407.28	0.00	21.29	12.03
16050.00	408.07	0.00	21.61	11.89
16100.00	408.94	0.00	21.89	11.74
16150.00	409.82	0.00	22.16	11.57
16200.00	410.69	0.00	22.44	11.42
16250.00	411.57	0.00	22.73	11.26
16300.00	412.44	0.00	23.01	11.09
16350.00	413.32	0.00	23.29	10.94
16400.00	414.19	0.00	23.57	10.77
16450.00	415.06	0.00	23.84	10.62
16500.00	415.94	0.00	24.12	10.46
16550.00	416.81	0.00	24.40	10.29
16600.00	417.69	0.00	24.69	10.14
16650.00	418.59	0.00	24.89	9.95
16700.00	419.55	0.00	24.95	9.69
16750.00	420.52	0.00	25.00	9.44
16800.00	421.48	0.00	25.05	9.18
16850.00	422.44	0.00	25.11	8.91
16900.00	423.41	0.00	25.16	8.64
16950.00	424.37	0.00	25.23	8.39
17000.00	425.33	0.00	25.28	8.12
17050.00	426.29	0.00	25.33	7.85
17100.00	427.26	0.00	25.40	7.60
17150.00	428.22	0.00	25.45	7.33
17200.00	429.18	0.00	25.50	7.06
17250.00	430.20	0.00	25.46	6.76
17300.00	431.47	0.00	24.87	6.18
17350.00	432.74	0.00	24.28	5.61
17400.00	434.01	0.00	23.70	5.03
17450.00	435.28	0.00	23.11	4.46
17500.00	436.55	0.00	22.55	3.89
17550.00	437.82	0.00	21.98	3.30
17600.00	439.09	0.00	21.40	2.72
17650.00	440.36	0.00	20.84	2.14
17700.00	441.63	0.00	20.27	1.55
17750.00	442.90	0.00	19.71	0.97
17800.00	444.17	0.00	19.14	0.38
17850.00	445.44	0.00	18.57	-0.20
17900.00	446.06	0.00	17.76	-0.38
17950.00	446.66	0.00	16.93	-0.54
18000.00	447.26	0.00	16.09	-0.69
18050.00	447.86	0.00	15.27	-0.85
18100.00	448.46	0.00	14.44	-1.01
18150.00	449.06	0.00	13.61	-1.17
18200.00	449.66	0.00	12.80	-1.34
18250.00	450.26	0.00	11.99	-1.52
18300.00	450.86	0.00	11.16	-1.69
18350.00	451.46	0.00	10.35	-1.86
18400.00	452.06	0.00	9.53	-2.03
18450.00	452.66	0.00	8.72	-2.20
18500.00	453.60	0.00	8.28	-1.91
18550.00	454.64	0.00	7.92	-1.49
18600.00	455.67	0.00	7.58	-1.07
18650.00	456.71	0.00	7.24	-0.64
18700.00	457.75	0.00	6.89	-0.22
18750.00	458.79	0.00	6.55	0.19
18800.00	459.82	0.00	6.19	0.62
18850.00	460.86	0.00	5.85	1.04
18900.00	461.90	0.00	5.50	1.46
18950.00	462.93	0.00	5.14	1.87
19000.00	463.97	0.00	4.78	2.27
19050.00	465.01	0.00	4.40	2.68
19100.00	466.20	0.00	4.23	2.75
19150.00	467.47	0.00	4.14	2.65
19200.00	468.74	0.00	4.05	2.55
19250.00	470.01	0.00	3.97	2.46
19300.00	471.28	0.00	3.87	2.36
19350.00	472.54	0.00	3.78	2.26
19400.00	473.81	0.00	3.69	2.17
19450.00	475.08	0.00	3.61	2.07
19500.00	476.35	0.00	3.51	1.98
19550.00	477.62	0.00	3.42	1.88
19600.00	478.88	0.00	3.33	1.78
19650.00	480.15	0.00	3.23	1.71
19700.00	481.40	0.00	3.10	1.76
19750.00	482.64	0.00	2.98	1.90
19800.00	483.87	0.00	2.86	2.03
19850.00	485.11	0.00	2.74	2.16
19900.00	486.35	0.00	2.62	2.29
19950.00	487.58	0.00	2.49	2.43
20000.00	488.82	0.00	2.37	2.56
20050.00	490.05	0.00	2.25	2.69
26050.00	490.05	0.00	2.25	2.69